P2.4b-1 pT3-class REPLACEMENT scoreboard -- 300 PU200RelVal events, CPU, -s 32
baseline column = b0 (chain tracking on, LST's own pT3 rows CARRIED)
'LST' column    = LST flag-OFF baseline, carried by compare_ab.py for reference

metric                        LST         b0        r60        r80       r110       r120      r9990      r60c3      r60c1      r60c0      r80c1      r80c0
                                        BASE(delta vs b0)(delta vs b0)(delta vs b0)(delta vs b0)(delta vs b0)(delta vs b0)(delta vs b0)(delta vs b0)(delta vs b0)(delta vs b0)
----------------------------------------------------------------------------------------------------------------------------------------------------------
eff (pt>0.9)               0.8136     0.8130    +0.0010    -0.0142    -0.0375    -0.0385    -0.0387    -0.0011    -0.0044    -0.0052    -0.0182    -0.0187
eff vxy [0,1)              0.8473     0.8461    +0.0011    -0.0148    -0.0393    -0.0404    -0.0405    -0.0010    -0.0044    -0.0052    -0.0188    -0.0193
eff vxy [1,5)              0.7731     0.8028    -0.0021    -0.0184    -0.0311    -0.0311    -0.0311    -0.0035    -0.0099    -0.0106    -0.0219    -0.0219
eff vxy [5,10)             0.6530     0.7271    +0.0032    -0.0047    -0.0047    -0.0047    -0.0047    -0.0016    -0.0016    -0.0016    -0.0047    -0.0047
eff vxy [10,30)            0.6291     0.7173    +0.0008    +0.0008    +0.0008    +0.0008    +0.0008    +0.0008    +0.0008    +0.0008    +0.0008    +0.0008
eff dxy [0,1)              0.8342     0.8404    +0.0010    -0.0143    -0.0370    -0.0379    -0.0381    -0.0011    -0.0044    -0.0052    -0.0182    -0.0186
eff dxy [1,5)              0.4989     0.5601    -0.0011    -0.0011    -0.0011    -0.0011    -0.0011    -0.0011    -0.0011    -0.0011    -0.0011    -0.0011
eff dxy [5,10)             0.2281     0.2491    +0.0000    +0.0000    +0.0000    +0.0000    +0.0000    +0.0000    +0.0000    +0.0000    +0.0000    +0.0000
eff dxy [10,30)            0.0470     0.0256    +0.0000    +0.0000    +0.0000    +0.0000    +0.0000    +0.0000    +0.0000    +0.0000    +0.0000    +0.0000
eff barrel                 0.9242     0.9247    -0.0021    -0.0327    -0.0694    -0.0695    -0.0695    -0.0052    -0.0099    -0.0114    -0.0372    -0.0378
eff transition             0.8826     0.8814    +0.0085    -0.0108    -0.0390    -0.0398    -0.0398    +0.0033    -0.0020    -0.0028    -0.0188    -0.0193
eff endcap                 0.7556     0.7543    +0.0009    +0.0011    -0.0091    -0.0112    -0.0117    +0.0010    -0.0004    -0.0007    -0.0010    -0.0014
dup (pt>0.9)               0.0513     0.0519    +0.2310    +0.1472    +0.0118    +0.0019    +0.0007    +0.0846    +0.0121    +0.0082    +0.0073    +0.0055
dup barrel                 0.0097     0.0137    +0.2773    +0.1124    -0.0003    -0.0004    -0.0004    +0.0877    +0.0082    +0.0039    +0.0007    -0.0001
dup transition             0.0130     0.0186    +0.3439    +0.2289    +0.0096    -0.0000    -0.0009    +0.1333    +0.0168    +0.0108    +0.0057    +0.0032
dup endcap                 0.0846     0.0821    +0.1693    +0.1390    +0.0159    +0.0013    -0.0006    +0.0691    +0.0132    +0.0099    +0.0098    +0.0077
fake (pt>0.9)              0.0455     0.0464    +0.0204    +0.0010    +0.0024    +0.0027    +0.0027    +0.0232    +0.0144    +0.0127    +0.0025    +0.0024
fake barrel                0.0437     0.0515    +0.0309    +0.0066    +0.0089    +0.0089    +0.0089    +0.0375    +0.0242    +0.0217    +0.0073    +0.0071
fake transition            0.0459     0.0541    +0.0307    +0.0019    +0.0052    +0.0055    +0.0055    +0.0365    +0.0234    +0.0207    +0.0058    +0.0056
fake endcap                0.0463     0.0413    +0.0101    -0.0019    -0.0012    -0.0008    -0.0008    +0.0108    +0.0063    +0.0054    -0.0006    -0.0007
mean nhitOT                 6.514      6.380     +0.062     +0.071     +0.099     +0.102     +0.102     +0.089     +0.103     +0.104     +0.100     +0.101
mean nhitOT barrel         10.151      9.898     -0.578     +0.068     +0.574     +0.574     +0.574     -0.180     +0.059     +0.083     +0.339     +0.345
mean nhitOT trans          10.010      9.888     -0.736     -0.298     +0.335     +0.358     +0.360     -0.296     +0.027     +0.052     +0.212     +0.220
mean nhitOT endcap          3.559      3.468     +0.377     +0.266     +0.034     +0.010     +0.007     +0.218     +0.117     +0.109     +0.070     +0.066
n TC (fr denom)            610581     614277     +98511     +27632     -31149     -33963     -34309     +40271      +9132      +6590     -16689     -17436

absolute values of every leg:
metric                         b0        r60        r80       r110       r120      r9990      r60c3      r60c1      r60c0      r80c1      r80c0
-----------------------------------------------------------------------------------------------------------------------------------------------
eff (pt>0.9)               0.8130     0.8140     0.7988     0.7755     0.7745     0.7743     0.8120     0.8086     0.8078     0.7948     0.7943
eff vxy [0,1)              0.8461     0.8472     0.8313     0.8068     0.8057     0.8056     0.8451     0.8417     0.8409     0.8273     0.8267
eff vxy [1,5)              0.8028     0.8007     0.7845     0.7717     0.7717     0.7717     0.7993     0.7929     0.7922     0.7809     0.7809
eff vxy [5,10)             0.7271     0.7303     0.7224     0.7224     0.7224     0.7224     0.7256     0.7256     0.7256     0.7224     0.7224
eff vxy [10,30)            0.7173     0.7181     0.7181     0.7181     0.7181     0.7181     0.7181     0.7181     0.7181     0.7181     0.7181
eff dxy [0,1)              0.8404     0.8414     0.8261     0.8034     0.8024     0.8023     0.8393     0.8359     0.8352     0.8222     0.8217
eff dxy [1,5)              0.5601     0.5590     0.5590     0.5590     0.5590     0.5590     0.5590     0.5590     0.5590     0.5590     0.5590
eff dxy [5,10)             0.2491     0.2491     0.2491     0.2491     0.2491     0.2491     0.2491     0.2491     0.2491     0.2491     0.2491
eff dxy [10,30)            0.0256     0.0256     0.0256     0.0256     0.0256     0.0256     0.0256     0.0256     0.0256     0.0256     0.0256
eff barrel                 0.9247     0.9226     0.8920     0.8553     0.8552     0.8552     0.9196     0.9148     0.9134     0.8875     0.8869
eff transition             0.8814     0.8899     0.8706     0.8423     0.8416     0.8416     0.8846     0.8793     0.8786     0.8626     0.8621
eff endcap                 0.7543     0.7551     0.7554     0.7451     0.7430     0.7426     0.7553     0.7538     0.7536     0.7533     0.7528
dup (pt>0.9)               0.0519     0.2829     0.1991     0.0637     0.0538     0.0525     0.1365     0.0640     0.0601     0.0592     0.0574
dup barrel                 0.0137     0.2910     0.1260     0.0134     0.0133     0.0133     0.1013     0.0219     0.0176     0.0143     0.0136
dup transition             0.0186     0.3625     0.2476     0.0282     0.0186     0.0177     0.1519     0.0354     0.0295     0.0244     0.0219
dup endcap                 0.0821     0.2514     0.2211     0.0980     0.0834     0.0815     0.1512     0.0953     0.0920     0.0919     0.0898
fake (pt>0.9)              0.0464     0.0667     0.0474     0.0487     0.0490     0.0490     0.0696     0.0607     0.0590     0.0489     0.0488
fake barrel                0.0515     0.0824     0.0581     0.0604     0.0604     0.0604     0.0890     0.0757     0.0732     0.0588     0.0586
fake transition            0.0541     0.0848     0.0560     0.0593     0.0596     0.0597     0.0906     0.0775     0.0749     0.0600     0.0598
fake endcap                0.0413     0.0514     0.0394     0.0402     0.0405     0.0405     0.0522     0.0476     0.0467     0.0407     0.0406
mean nhitOT                 6.380      6.442      6.451      6.479      6.482      6.482      6.469      6.483      6.484      6.480      6.481
mean nhitOT barrel          9.898      9.319      9.966     10.472     10.472     10.472      9.718      9.956      9.981     10.237     10.243
mean nhitOT trans           9.888      9.151      9.589     10.223     10.246     10.248      9.592      9.914      9.940     10.100     10.107
mean nhitOT endcap          3.468      3.845      3.733      3.502      3.478      3.475      3.686      3.584      3.576      3.537      3.534
n TC (fr denom)            614277     712788     641909     583128     580314     579968     654548     623409     620867     597588     596841
