302
307
308
309
310
312
313
316
320
321
322
323
326
327
329
331
333
334
335
336
337
338
339
340
349
350
351
352
353
354
355
356
364
366
367
368
369
370
371
373
381
382
383
384
385
386
387
388
397
398
399
400
2504
2505
2506
2507
2509
2512
2513
2518
2519
2520
2521
2523
2524
2527
2529
2535
2536
2537
2538
2539
2540
2541
2542
2543
2550
2552
2553
2554
2555
2556
2557
2558
2566
2567
2568
2569
2570
2571
2572
2573
2581
2582
2583
2584
2585
2586
2587
2595
2597
2598
2599
2600
3102
3103
3105
3106
3108
3112
3113
3114
3115
3120
3122
3124
3126
3128
3130
3136
3138
3139
3140
3141
3142
3143
3144
3152
3154
3155
3156
3157
3158
3159
3169
3170
3171
3172
3173
3174
3175
3176
3184
3186
3187
3188
3189
3190
3191
3192
4501
4504
4505
4509
4511
4512
4513
4517
4518
4520
4523
4524
4526
4527
4528
4529
4530
4533
4541
4542
4543
4544
4545
4546
4547
4556
4557
4558
4559
4560
4561
4562
4563
4571
4572
4573
4574
4575
4576
4577
4578
4586
4587
4588
4589
4590
4591
4592
5901
5902
5903
5904
5905
5906
5907
5909
5911
5914
5916
5921
5925
5926
5928
5929
5931
5932
5933
5934
5936
5937
5939
5946
5947
5948
5949
5950
5951
5952
5953
5960
5962
5963
5964
5965
5966
5967
5968
5976
5977
5978
5979
5980
5981
5982
5983
5991
5992
5993
5994
5995
5996
5997
5998
6301
6303
6304
6306
6309
6313
6315
6320
6321
6322
6323
6326
6327
6329
6331
6332
6333
6334
6335
6336
6345
6346
6347
6348
6349
6350
6351
6360
6361
6363
6364
6365
6366
6368
6377
6378
6379
6380
6381
6382
6383
6384
6392
6394
6395
6396
6397
6398
6399
6400
8901
8903
8904
8906
8908
8912
8913
8914
8916
8917
8918
8926
8927
8928
8929
8933
8941
8942
8943
8944
8945
8946
8948
8954
8957
8958
8959
8960
8961
8962
8964
8971
8972
8973
8974
8975
8976
8977
8978
8986
8987
8988
8989
8990
8991
8992
