events 300
sims in cut (eff denominator) 22784 = 75.9/evt
LST pT3 candidates (pre-clean) 176611 = 588.7/evt
our bare-T3 winners (no threshold, pre-dedup) 1147240 = 3824.1/evt
LST covers 1310 in-cut sims (4.4/evt) = 0.05750 of denominator

  theta  cand/evt       cov   covFrac  fakeFrac   sharedL    uniqUs
  -2.00    3781.4      9669   0.42438   0.65658      1183      8486
  -1.75    3771.9      9669   0.42438   0.65577      1183      8486
  -1.50    3757.2      9669   0.42438   0.65451      1183      8486
  -1.25    3735.5      9669   0.42438   0.65265      1183      8486
  -1.00    3706.2      9668   0.42433   0.65007      1183      8485
  -0.75    3666.2      9667   0.42429   0.64651      1183      8484
  -0.50    3616.6      9667   0.42429   0.64194      1183      8484
  -0.25    3554.5      9665   0.42420   0.63604      1183      8482
   0.00    3479.6      9664   0.42416   0.62862      1183      8481
   0.25    3392.2      9663   0.42411   0.61950      1183      8480
   0.50    3292.7      9663   0.42411   0.60856      1183      8480
   0.75    3183.1      9662   0.42407   0.59575      1183      8479
   1.00    3062.8      9662   0.42407   0.58059      1183      8479
   1.25    2934.7      9660   0.42398   0.56316      1182      8478
   1.50    2801.0      9658   0.42389   0.54321      1182      8476
   1.75    2663.0      9652   0.42363   0.52060      1182      8470
   2.00    2523.5      9645   0.42332   0.49551      1182      8463
   2.25    2386.2      9638   0.42302   0.46826      1182      8456
   2.50    2254.1      9630   0.42267   0.43919      1182      8448
   2.75    2126.7      9618   0.42214   0.40821      1182      8436
   3.00    2008.6      9597   0.42122   0.37656      1179      8418
   3.25    1896.7      9580   0.42047   0.34372      1174      8406
   3.50    1794.8      9554   0.41933   0.31158      1173      8381
   3.75    1701.8      9526   0.41810   0.28034      1171      8355
   4.00    1617.1      9487   0.41639   0.25037      1165      8322
   4.25    1540.5      9451   0.41481   0.22222      1161      8290
   4.50    1470.5      9398   0.41248   0.19595      1157      8241
   4.75    1405.8      9327   0.40937   0.17172      1155      8172
   5.00    1346.2      9222   0.40476   0.14994      1150      8072
   5.25    1290.0      9101   0.39945   0.12957      1134      7967
   5.50    1235.9      8950   0.39282   0.11162      1117      7833
   5.75    1184.0      8782   0.38545   0.09590      1103      7679
   6.00    1132.7      8552   0.37535   0.08149      1076      7476
   6.25    1081.2      8284   0.36359   0.06923      1054      7230
   6.50    1027.1      7977   0.35011   0.05802      1018      6959
   6.75     971.6      7641   0.33537   0.04875       982      6659
   7.00     912.3      7254   0.31838   0.04069       929      6325
   7.25     848.9      6776   0.29740   0.03372       865      5911
   7.50     782.9      6237   0.27374   0.02805       796      5441
   7.75     713.2      5692   0.24982   0.02313       708      4984
   8.00     642.8      5141   0.22564   0.01944       631      4510
   8.25     572.0      4543   0.19939   0.01608       512      4031
   8.50     503.6      3916   0.17188   0.01345       423      3493
   8.75     437.2      3366   0.14774   0.01136       347      3019
   9.00     373.3      2851   0.12513   0.00936       259      2592
   9.25     313.1      2381   0.10450   0.00803       198      2183
   9.50     257.1      1993   0.08747   0.00666       149      1844
   9.75     205.5      1632   0.07163   0.00569       107      1525
  10.00     159.7      1304   0.05723   0.00459        79      1225
  10.25     119.7      1026   0.04503   0.00402        66       960
  10.50      86.4       780   0.03423   0.00360        48       732
  10.75      60.0       573   0.02515   0.00315        36       537
  11.00      39.2       398   0.01747   0.00232        27       371
  11.25      24.1       260   0.01141   0.00181        16       244
  11.50      13.9       163   0.00715   0.00217        13       150
  11.75       8.0        95   0.00417   0.00211         8        87
  12.00       3.9        50   0.00219   0.00256         4        46
  12.25       1.9        22   0.00097   0.00521         2        20
  12.50       0.9         8   0.00035   0.00775         1         7
  12.75       0.4         4   0.00018   0.00870         0         4
  13.00       0.2         0   0.00000   0.02083         0         0

LST OPERATING POINT: cand/evt 588.7  cov 1310  covFrac 0.05750  fakeFrac 0.04942  (all rows)

MATCHED COUNT vs LST pre-clean 588.7/evt -> theta 8.1902 : cand/evt 588.7 cov 4704 (0.20646) fake 0.01677
    shared with LST 546 | unique to us 4158 | unique to LST 764
MATCHED COUNT vs LST retired TC rows 151.7/evt -> theta 10.0463 : cand/evt 151.7 cov 1254 (0.05504) fake 0.00440
    shared with LST 74 | unique to us 1180 | unique to LST 1236

=== ETA barrel [0.0,1.1) ===  denom 8889 sims
  LST : cand/evt  240.5  cov   822 (0.09247)  fake 0.04037
    theta  cand/evt       cov   covFrac      fake    uniqUs
      0.0    1227.3      4475   0.50343   0.80058      3733
      4.0     377.9      4385   0.49331   0.38157      3653
      6.0     229.2      3790   0.42637   0.11881      3119
      7.0     170.9      2908   0.32715   0.05921      2344
      8.0      86.3      1551   0.17449   0.03307      1204
      8.2      70.0      1303   0.14659   0.02975      1017
      9.0      22.0       395   0.04444   0.02606       315
     10.1       2.5        56   0.00630   0.02394        49
     11.0       0.3         4   0.00045   0.03947         4

=== ETA trans [1.1,1.7) ===  denom 3995 sims
  LST : cand/evt   93.3  cov   258 (0.06458)  fake 0.04617
    theta  cand/evt       cov   covFrac      fake    uniqUs
      0.0     583.7      2404   0.60175   0.65819      2182
      4.0     266.8      2352   0.58874   0.29611      2133
      6.0     172.8      2136   0.53467   0.09992      1935
      7.0     135.7      1840   0.46058   0.05175      1668
      8.0      95.3      1325   0.33166   0.02607      1209
      8.2      87.0      1211   0.30313   0.02296      1110
      9.0      51.8       712   0.17822   0.01499       658
     10.1      17.6       241   0.06033   0.00759       234
     11.0       3.9        65   0.01627   0.00171        64

=== ETA endcap [1.7,99.0) ===  denom 9900 sims
  LST : cand/evt   96.0  cov   230 (0.02323)  fake 0.07523
    theta  cand/evt       cov   covFrac      fake    uniqUs
      0.0    1103.0      2785   0.28131   0.42162      2566
      4.0     737.2      2750   0.27778   0.16656      2536
      6.0     580.2      2626   0.26525   0.06126      2422
      7.0     504.0      2506   0.25313   0.03143      2313
      8.0     413.5      2265   0.22879   0.01507      2097
      8.2     391.9      2190   0.22121   0.01308      2031
      9.0     282.8      1744   0.17616   0.00703      1619
     10.1     128.0       956   0.09657   0.00357       896
     11.0      34.7       329   0.03323   0.00211       303

=== PT 0.9-1.5 ===  denom 9106 sims
  LST : cand/evt  304.9  cov   599 (0.06578)  fake 0.05005
    theta  cand/evt       cov   covFrac      fake    uniqUs
      0.0    1689.7      3190   0.35032   0.60390      2629
      4.0     860.9      3111   0.34164   0.25704      2555
      6.0     608.5      2846   0.31254   0.08896      2325
      7.0     493.5      2480   0.27235   0.04557      2015
      8.0     344.2      1746   0.19174   0.02183      1434
      8.2     313.4      1591   0.17472   0.01886      1324
      9.0     190.9       973   0.10685   0.01065       857
     10.1      70.4       426   0.04678   0.00545       397
     11.0      15.8       114   0.01252   0.00274       108

=== PT 1.5-3 ===  denom 7189 sims
  LST : cand/evt  105.7  cov   412 (0.05731)  fake 0.04794
    theta  cand/evt       cov   covFrac      fake    uniqUs
      0.0     873.0      2396   0.33329   0.61572      2034
      4.0     417.4      2355   0.32758   0.22721      1999
      6.0     304.8      2216   0.30825   0.06832      1884
      7.0     260.7      2018   0.28071   0.03309      1719
      8.0     209.6      1640   0.22813   0.01632      1412
      8.2     197.6      1543   0.21463   0.01429      1342
      9.0     142.2      1096   0.15246   0.00827       990
     10.1      68.3       572   0.07957   0.00356       537
     11.0      20.5       210   0.02921   0.00212       193

=== PT 3-10 ===  denom 4684 sims
  LST : cand/evt   17.7  cov   234 (0.04996)  fake 0.04020
    theta  cand/evt       cov   covFrac      fake    uniqUs
      0.0     285.4      2644   0.56447   0.75773      2439
      4.0      92.1      2613   0.55786   0.28442      2413
      6.0      62.3      2417   0.51601   0.06762      2237
      7.0      52.1      2082   0.44449   0.02953      1939
      8.0      39.3      1460   0.31170   0.01330      1377
      8.2      36.4      1324   0.28266   0.01073      1253
      9.0      22.9       696   0.14859   0.00496       661
     10.1       9.3       242   0.05167   0.00251       233
     11.0       2.5        73   0.01558   0.00131        69

=== PT 10+ ===  denom 1805 sims
  LST : cand/evt    1.4  cov    65 (0.03601)  fake 0.13915
    theta  cand/evt       cov   covFrac      fake    uniqUs
      0.0      65.9      1434   0.79446   0.87403      1379
      4.0      11.5      1408   0.78006   0.31888      1355
      6.0       6.8      1073   0.59446   0.13116      1030
      7.0       4.2       674   0.37341   0.07741       652
      8.0       1.9       295   0.16343   0.05830       287
      8.2       1.5       246   0.13629   0.05400       239
      9.0       0.5        86   0.04765   0.02516        84
     10.1       0.1        13   0.00720   0.00000        12
     11.0       0.0         1   0.00055   0.00000         1
