tag                    eff    v15   v510  v1030    d15   d510 |    nhB    nhT    nhE |   dupB   dupT   dupE |   fake    dup    nTC |  trims    ms status
--------------------------------------------------------------------------------------------------------------------------------------------------------
g_def              0.80175 0.7852 0.7129 0.6961 0.5418  71/285| 10.044  9.986  3.679 | 0.0157 0.0282 0.1001 | 0.0536 0.06428 616467 |    nan   263 FAIL:EFF,V15,V510,V1030,D15,FAKE
g_flag             0.81325 0.8042 0.7287 0.7190 0.5633  71/285|  9.794  9.698  3.417 | 0.0140 0.0230 0.0902 | 0.0474 0.05708 616650 |  72502   265 pass
a_tt10_ta05        0.81390 0.8049 0.7303 0.7190 0.5633  71/285|  9.654  9.565  3.375 | 0.0143 0.0243 0.0914 | 0.0472 0.05807 617041 | 122410   267 pass
a_tt11_ta05        0.81373 0.8049 0.7303 0.7190 0.5633  71/285|  9.673  9.604  3.385 | 0.0143 0.0237 0.0912 | 0.0472 0.05784 616977 | 108617   266 pass
a_tt12_ta05        0.81382 0.8042 0.7287 0.7190 0.5633  71/285|  9.686  9.632  3.389 | 0.0142 0.0235 0.0910 | 0.0473 0.05770 616939 |  99862   266 pass
a_tt15_ta05        0.81373 0.8042 0.7287 0.7190 0.5633  71/285|  9.711  9.677  3.399 | 0.0141 0.0231 0.0908 | 0.0474 0.05745 616848 |  86010   266 pass
a_tt20_ta05        0.81333 0.8035 0.7287 0.7190 0.5633  71/285|  9.740  9.704  3.406 | 0.0140 0.0229 0.0906 | 0.0476 0.05732 616792 |  75489   267 pass
a_tt30_ta05        0.81303 0.8035 0.7287 0.7181 0.5633  71/285|  9.776  9.731  3.410 | 0.0139 0.0227 0.0905 | 0.0477 0.05720 616706 |  64912   266 pass
a_tt10_ta10        0.81320 0.8049 0.7287 0.7190 0.5633  71/285|  9.782  9.658  3.406 | 0.0141 0.0238 0.0904 | 0.0473 0.05735 616711 |  87950   265 pass
a_tt11_ta10        0.81316 0.8049 0.7287 0.7190 0.5633  71/285|  9.789  9.682  3.414 | 0.0140 0.0234 0.0903 | 0.0474 0.05720 616672 |  78417   267 pass
a_tt12_ta10        0.81325 0.8042 0.7287 0.7190 0.5633  71/285|  9.794  9.698  3.417 | 0.0140 0.0230 0.0902 | 0.0474 0.05708 616650 |  72502   267 pass
a_tt15_ta10        0.81307 0.8042 0.7287 0.7190 0.5633  71/285|  9.802  9.724  3.426 | 0.0139 0.0228 0.0899 | 0.0475 0.05690 616595 |  63536   267 pass
a_tt20_ta10        0.81281 0.8035 0.7287 0.7190 0.5633  71/285|  9.812  9.741  3.430 | 0.0139 0.0227 0.0898 | 0.0476 0.05681 616564 |  56998   267 pass
a_tt30_ta10        0.81268 0.8035 0.7287 0.7181 0.5633  71/285|  9.825  9.758  3.434 | 0.0138 0.0226 0.0898 | 0.0477 0.05673 616515 |  50608   265 FAIL:EFF
a_tt10_ta30        0.81215 0.8014 0.7256 0.7173 0.5612  71/285|  9.883  9.791  3.483 | 0.0137 0.0225 0.0895 | 0.0478 0.05653 616328 |  36112   267 FAIL:EFF,V15,V510,D15
a_tt11_ta30        0.81215 0.8014 0.7256 0.7173 0.5612  71/285|  9.883  9.793  3.485 | 0.0137 0.0225 0.0894 | 0.0478 0.05650 616322 |  32936   269 FAIL:EFF,V15,V510,D15
a_tt12_ta30        0.81215 0.8014 0.7256 0.7173 0.5612  71/285|  9.883  9.794  3.486 | 0.0137 0.0224 0.0894 | 0.0478 0.05646 616316 |  31233   267 FAIL:EFF,V15,V510,D15
a_tt15_ta30        0.81215 0.8014 0.7256 0.7173 0.5612  71/285|  9.883  9.796  3.488 | 0.0137 0.0223 0.0893 | 0.0479 0.05643 616316 |  28760   268 FAIL:EFF,V15,V510,D15
a_tt20_ta30        0.81210 0.8007 0.7256 0.7173 0.5612  71/285|  9.883  9.800  3.489 | 0.0137 0.0223 0.0893 | 0.0479 0.05638 616301 |  26604   270 FAIL:EFF,V15,V510,D15
a_tt30_ta30        0.81193 0.8007 0.7256 0.7173 0.5612  71/285|  9.883  9.804  3.491 | 0.0137 0.0223 0.0892 | 0.0480 0.05634 616278 |  24366   267 FAIL:EFF,V15,V510,D15
d_tt175            0.81294 0.8035 0.7287 0.7190 0.5633  71/285|  9.808  9.735  3.428 | 0.0139 0.0227 0.0899 | 0.0476 0.05684 616569 |  59606   267 pass
d_tt25             0.81276 0.8035 0.7287 0.7190 0.5633  71/285|  9.820  9.751  3.432 | 0.0138 0.0226 0.0898 | 0.0477 0.05675 616531 |  53302   267 pass
b_ta125            0.81290 0.8042 0.7287 0.7181 0.5622  71/285|  9.827  9.724  3.429 | 0.0138 0.0228 0.0900 | 0.0475 0.05692 616561 |  62556   266 pass
c_ta130            0.81290 0.8042 0.7287 0.7181 0.5622  71/285|  9.833  9.729  3.431 | 0.0138 0.0227 0.0900 | 0.0475 0.05692 616560 |  60772   268 pass
c_ta135            0.81281 0.8042 0.7287 0.7181 0.5622  71/285|  9.838  9.733  3.433 | 0.0138 0.0227 0.0900 | 0.0475 0.05688 616546 |  59108   268 pass
c_ta140            0.81276 0.8042 0.7287 0.7181 0.5622  71/285|  9.843  9.737  3.435 | 0.0138 0.0227 0.0899 | 0.0475 0.05685 616525 |  57456   268 pass
e_ta145            0.81268 0.8042 0.7287 0.7181 0.5622  71/285|  9.847  9.741  3.437 | 0.0138 0.0226 0.0899 | 0.0476 0.05684 616519 |  55984   266 FAIL:EFF
b_ta15             0.81263 0.8035 0.7287 0.7181 0.5622  71/285|  9.851  9.745  3.439 | 0.0138 0.0226 0.0899 | 0.0476 0.05682 616510 |  54608   265 FAIL:EFF
b_ta175            0.81246 0.8028 0.7287 0.7181 0.5612  71/285|  9.865  9.760  3.448 | 0.0138 0.0226 0.0897 | 0.0476 0.05674 616468 |  48507   266 FAIL:EFF,D15
b_ta20             0.81241 0.8028 0.7287 0.7173 0.5612  71/285|  9.872  9.771  3.457 | 0.0138 0.0226 0.0896 | 0.0477 0.05664 616426 |  43728   265 FAIL:EFF,D15
b_ta225            0.81232 0.8028 0.7256 0.7173 0.5612  71/285|  9.877  9.779  3.465 | 0.0138 0.0225 0.0895 | 0.0477 0.05658 616392 |  39797   266 FAIL:EFF,V510,D15
b_ta25             0.81228 0.8021 0.7256 0.7173 0.5612  71/285|  9.880  9.785  3.472 | 0.0137 0.0225 0.0895 | 0.0478 0.05656 616370 |  36590   266 FAIL:EFF,V15,V510,D15
d_tt15_ta125       0.81272 0.8042 0.7287 0.7181 0.5622  71/285|  9.831  9.743  3.436 | 0.0138 0.0227 0.0898 | 0.0476 0.05679 616525 |  55349   267 pass
d_tt20_ta125       0.81254 0.8035 0.7287 0.7181 0.5622  71/285|  9.836  9.756  3.440 | 0.0138 0.0227 0.0897 | 0.0477 0.05672 616502 |  50014   268 FAIL:EFF
e_l3               0.81320 0.8042 0.7287 0.7190 0.5622  72/285|  9.816  9.732  3.435 | 0.0139 0.0226 0.0898 | 0.0475 0.05679 616530 |  72502   266 pass
d_l3_tt15          0.81303 0.8042 0.7287 0.7190 0.5622  72/285|  9.825  9.758  3.444 | 0.0138 0.0223 0.0896 | 0.0476 0.05660 616471 |  63536   267 pass
f_l3_tt175         0.81285 0.8035 0.7287 0.7190 0.5622  72/285|  9.830  9.769  3.447 | 0.0138 0.0221 0.0895 | 0.0476 0.05651 616441 |  59606   267 pass
d_l3_tt20          0.81272 0.8035 0.7287 0.7190 0.5622  72/285|  9.834  9.776  3.449 | 0.0138 0.0221 0.0894 | 0.0477 0.05648 616434 |  56998   267 pass
f_l25_tt20         0.81272 0.8035 0.7287 0.7190 0.5622  72/285|  9.831  9.769  3.446 | 0.0138 0.0223 0.0895 | 0.0476 0.05655 616453 |  56998   267 pass
f_l3_tt15_ta110    0.81285 0.8042 0.7287 0.7190 0.5622  72/285|  9.837  9.766  3.449 | 0.0138 0.0222 0.0895 | 0.0476 0.05654 616439 |  60054   267 pass
f_l40_tt15         0.81285 0.8021 0.7287 0.7190 0.5612  72/285|  9.831  9.770  3.450 | 0.0138 0.0221 0.0895 | 0.0475 0.05649 616423 |  63536   273 FAIL:V15,D15
c_l3_ta125         0.81285 0.8042 0.7287 0.7181 0.5612  72/285|  9.849  9.759  3.447 | 0.0137 0.0223 0.0896 | 0.0475 0.05660 616434 |  62556   268 FAIL:D15
c_l3_ta15          0.81259 0.8035 0.7287 0.7181 0.5612  72/285|  9.873  9.780  3.457 | 0.0137 0.0221 0.0894 | 0.0476 0.05645 616368 |  54608   268 FAIL:EFF,D15
e_l15_ta130        0.81285 0.8042 0.7287 0.7173 0.5612  71/285|  9.844  9.743  3.439 | 0.0137 0.0225 0.0899 | 0.0475 0.05676 616497 |  60772   267 FAIL:D15
e_l15_ta140        0.81272 0.8042 0.7287 0.7173 0.5612  71/285|  9.854  9.751  3.444 | 0.0137 0.0225 0.0898 | 0.0475 0.05670 616463 |  57456   266 FAIL:D15
e_l20_ta125        0.81285 0.8042 0.7287 0.7181 0.5612  72/285|  9.842  9.746  3.440 | 0.0138 0.0226 0.0898 | 0.0475 0.05672 616486 |  62556   266 FAIL:D15
e_l20_ta140        0.81272 0.8042 0.7287 0.7181 0.5612  72/285|  9.858  9.759  3.447 | 0.0137 0.0224 0.0897 | 0.0476 0.05665 616445 |  57456   266 FAIL:D15
c_l3bt45_ta125     0.81268 0.8042 0.7287 0.7181 0.5612  72/285|  9.862  9.772  3.460 | 0.0137 0.0222 0.0893 | 0.0476 0.05641 616360 |  62556   268 FAIL:EFF,D15
f_l3bt45_tt15      0.81285 0.8042 0.7287 0.7190 0.5622  72/285|  9.838  9.771  3.457 | 0.0138 0.0221 0.0893 | 0.0476 0.05640 616396 |  63536   266 pass
f_l3bt40_tt15      0.81263 0.8042 0.7287 0.7190 0.5612  72/285|  9.853  9.791  3.470 | 0.0138 0.0219 0.0891 | 0.0476 0.05622 616306 |  63536   266 FAIL:EFF,D15
g_bt44_tt15        0.81285 0.8042 0.7287 0.7190 0.5622  72/285|  9.841  9.774  3.460 | 0.0138 0.0221 0.0893 | 0.0475 0.05639 616381 |  63536   266 pass
g_bt435_tt15       0.81281 0.8042 0.7287 0.7181 0.5612  72/285|  9.843  9.776  3.461 | 0.0138 0.0221 0.0893 | 0.0475 0.05638 616374 |  63536   267 FAIL:D15
g_bt425_tt15       0.81276 0.8042 0.7287 0.7190 0.5612  72/285|  9.846  9.779  3.464 | 0.0138 0.0221 0.0892 | 0.0475 0.05633 616352 |  63536   267 FAIL:D15
g_bt45_tt16        0.81272 0.8042 0.7287 0.7190 0.5622  72/285|  9.840  9.776  3.459 | 0.0138 0.0221 0.0893 | 0.0476 0.05637 616383 |  61735   266 pass
g_bt45_tt175       0.81268 0.8035 0.7287 0.7190 0.5622  72/285|  9.843  9.782  3.461 | 0.0138 0.0220 0.0892 | 0.0476 0.05632 616368 |  59606   266 FAIL:EFF
g_bt45_tt15_ta11   0.81268 0.8042 0.7287 0.7190 0.5622  72/285|  9.851  9.779  3.462 | 0.0137 0.0221 0.0892 | 0.0476 0.05634 616361 |  60054   266 FAIL:EFF
--------------------------------------------------------------------------------------------------------------------------------------------------------
FLAGSHIP(ref)      0.81320      -      -      -      -   -/-  |  9.794  9.698  3.417 |      -      -      - |      - 0.05708
LST TARGET         0.81360      -      -      -      -   -/-  | 10.151 10.010  3.559 |      -      -      - |      - 0.05130
HARD FLOOR         0.81270 0.8022 0.7267 0.7170 0.5613  71/285|
