label                                   eff      dup     fake |    effB    effT    effE |    dupB    dupT    dupE |    fakB    fakT    fakE |     v15    v510   v1030     d15 | nTCincut   kill   kFk% |    nhB    nhT    nhE
BASELINE                            0.80992  0.06230  0.05551 | 0.92660 0.88213 0.74496 | 0.04344 0.03431 0.08106 | 0.06680 0.06903 0.04525 | 0.79459 0.73356 0.74139 0.61650 |   480309      0    0.0 |  9.803  9.879  3.560
drop attachT3 pT3                   0.77224  0.06420  0.04819 | 0.85979 0.84674 0.73089 | 0.04752 0.03496 0.08092 | 0.05855 0.05868 0.03998 | 0.77193 0.73019 0.74139 0.61650 |   452314  40623   13.9 | 10.284 10.165  3.496
drop chain T4                       0.80754  0.05647  0.05096 | 0.92660 0.87780 0.74086 | 0.04293 0.02885 0.07218 | 0.05367 0.06784 0.04442 | 0.78436 0.71332 0.71337 0.56856 |   472508  10261   29.3 |  9.841  9.899  3.491
drop chain T4 br1(exempt)           0.80953  0.06049  0.05074 | 0.92660 0.88187 0.74407 | 0.04308 0.03367 0.07800 | 0.05366 0.06749 0.04414 | 0.78728 0.71838 0.71337 0.56856 |   474971   7060   42.2 |  9.841  9.887  3.525
drop chain T4 br0(IP)               0.80794  0.05834  0.05576 | 0.92660 0.87805 0.74175 | 0.04330 0.02952 0.07531 | 0.06681 0.06938 0.04554 | 0.79167 0.72850 0.74139 0.61650 |   477846   3201    0.8 |  9.803  9.891  3.526
drop chain T5 br3(exempt)           0.77201  0.05819  0.04446 | 0.90338 0.76680 0.72269 | 0.03561 0.02262 0.07815 | 0.04512 0.04530 0.04391 | 0.67471 0.46374 0.20897 0.05797 |   431730  63534   14.5 |  9.700  9.587  3.177
drop chain T5 br2(IP)               0.65051  0.05500  0.05822 | 0.65904 0.64053 0.71084 | 0.01608 0.02731 0.07935 | 0.07659 0.07440 0.04592 | 0.46418 0.33221 0.56125 0.60647 |   430486  64125    3.1 |  9.380  9.654  3.368
drop zp8 pLS                        0.80316  0.04509  0.05550 | 0.91590 0.87296 0.74241 | 0.01017 0.01539 0.07285 | 0.06805 0.06924 0.04462 | 0.78436 0.73187 0.74139 0.61650 |   473854   8826    5.2 | 10.041 10.024  3.586

DELTAS  (1 track = eff .000044 | v15 .000731 | v510 .001686 | v1030 .000801 | d15 .001115)
label                            d_eff     d_dup    d_fake     d_v15    d_v510   d_v1030     d_d15
drop attachT3 pT3             -0.03769  +0.00190  -0.00733  -0.02266  -0.00337  +0.00000  +0.00000
drop chain T4                 -0.00239  -0.00583  -0.00455  -0.01023  -0.02024  -0.02802  -0.04794
drop chain T4 br1(exempt)     -0.00040  -0.00181  -0.00477  -0.00731  -0.01518  -0.02802  -0.04794
drop chain T4 br0(IP)         -0.00199  -0.00396  +0.00024  -0.00292  -0.00506  +0.00000  +0.00000
drop chain T5 br3(exempt)     -0.03791  -0.00411  -0.01106  -0.11988  -0.26981  -0.53243  -0.55853
drop chain T5 br2(IP)         -0.15941  -0.00730  +0.00270  -0.33041  -0.40135  -0.18014  -0.01003
drop zp8 pLS                  -0.00676  -0.01721  -0.00001  -0.01023  -0.00169  +0.00000  +0.00000
