label                                   eff      dup     fake |    effB    effT    effE |    dupB    dupT    dupE |    fakB    fakT    fakE |     v15    v510   v1030     d15 | nTCincut   kill   kFk% |    nhB    nhT    nhE
BASELINE                            0.80905  0.06184  0.05607 | 0.92454 0.87981 0.74436 | 0.04294 0.03375 0.08069 | 0.06754 0.06932 0.04578 | 0.80110 0.72161 0.71474 0.58320 |  1578457      0    0.0 |  9.801  9.884  3.557
drop attachT3 pT3                   0.77053  0.06375  0.04857 | 0.85863 0.84155 0.72863 | 0.04701 0.03428 0.08059 | 0.05898 0.05901 0.04034 | 0.77697 0.71809 0.71474 0.58320 |  1486644 133407   14.2 | 10.280 10.168  3.494
drop chain T4                       0.80659  0.05612  0.05151 | 0.92419 0.87593 0.74026 | 0.04246 0.02831 0.07196 | 0.05433 0.06816 0.04497 | 0.79232 0.70452 0.68790 0.52795 |  1552928  33698   29.5 |  9.840  9.903  3.489
drop chain T4 br1(exempt)           0.80852  0.06013  0.05130 | 0.92426 0.87951 0.74344 | 0.04257 0.03323 0.07777 | 0.05433 0.06786 0.04469 | 0.79474 0.70804 0.68790 0.52795 |  1560989  23286   42.2 |  9.840  9.891  3.523
drop chain T4 br0(IP)               0.80712  0.05788  0.05631 | 0.92447 0.87624 0.74118 | 0.04283 0.02885 0.07494 | 0.06754 0.06963 0.04606 | 0.79868 0.71809 0.71474 0.58320 |  1570396  10412    1.0 |  9.801  9.896  3.523
drop chain T5 br3(exempt)           0.77241  0.05764  0.04498 | 0.90283 0.76594 0.72429 | 0.03521 0.02242 0.07748 | 0.04565 0.04621 0.04435 | 0.69079 0.42864 0.21889 0.06649 |  1419047 208792   14.7 |  9.697  9.599  3.173
drop chain T5 br2(IP)               0.64840  0.05460  0.05874 | 0.65479 0.64096 0.70938 | 0.01579 0.02686 0.07894 | 0.07744 0.07444 0.04641 | 0.46425 0.34824 0.52660 0.57360 |  1414890 210621    3.2 |  9.379  9.658  3.370
drop zp8 pLS                        0.80188  0.04487  0.05602 | 0.91304 0.86992 0.74193 | 0.01040 0.01496 0.07250 | 0.06876 0.06947 0.04510 | 0.79079 0.72111 0.71474 0.58320 |  1557417  28878    5.5 | 10.037 10.030  3.583

DELTAS  (1 track = eff .000044 | v15 .000731 | v510 .001686 | v1030 .000801 | d15 .001115)
label                            d_eff     d_dup    d_fake     d_v15    d_v510   d_v1030     d_d15
drop attachT3 pT3             -0.03852  +0.00190  -0.00751  -0.02412  -0.00352  +0.00000  +0.00000
drop chain T4                 -0.00245  -0.00573  -0.00456  -0.00877  -0.01709  -0.02684  -0.05524
drop chain T4 br1(exempt)     -0.00053  -0.00171  -0.00478  -0.00636  -0.01357  -0.02684  -0.05524
drop chain T4 br0(IP)         -0.00192  -0.00396  +0.00024  -0.00241  -0.00352  +0.00000  +0.00000
drop chain T5 br3(exempt)     -0.03663  -0.00420  -0.01109  -0.11031  -0.29296  -0.49585  -0.51671
drop chain T5 br2(IP)         -0.16065  -0.00725  +0.00266  -0.33684  -0.37337  -0.18814  -0.00959
drop zp8 pLS                  -0.00717  -0.01697  -0.00005  -0.01031  -0.00050  +0.00000  +0.00000
