label                                   eff      dup     fake |    effB    effT    effE |    dupB    dupT    dupE |    fakB    fakT    fakE |     v15    v510   v1030     d15 | nTCincut   kill   kFk% |    nhB    nhT    nhE
BASELINE                            0.80905  0.06184  0.05607 | 0.92454 0.87981 0.74436 | 0.04294 0.03375 0.08069 | 0.06754 0.06932 0.04578 | 0.80110 0.72161 0.71474 0.58320 |  1578457      0    0.0 |  9.801  9.884  3.557

label                    d_eff     d_dup    d_fake     d_v01     d_v15    d_v510   d_v1030     d_d01     d_d15
-M4D -1.15            -0.00001  -0.00003  -0.00025  -0.00001  +0.00000  +0.00000  -0.00024  -0.00001  -0.00033
-M4D -1.1             -0.00004  -0.00005  -0.00046  -0.00004  -0.00022  +0.00000  -0.00098  -0.00004  -0.00099
-M4D -1.05            -0.00004  -0.00008  -0.00069  -0.00004  -0.00022  +0.00000  -0.00244  -0.00004  -0.00232
-M4D -1               -0.00005  -0.00012  -0.00089  -0.00004  -0.00044  +0.00000  -0.00293  -0.00007  -0.00331
-C25 0.1 -C25D -2     -0.00008  -0.00002  -0.00020  -0.00009  +0.00000  -0.00050  +0.00000  -0.00009  +0.00000
-C25 0.2 -C25D -2     -0.00014  -0.00005  -0.00034  -0.00015  +0.00000  -0.00050  +0.00000  -0.00014  +0.00000
-C25 0.3 -C25D -2     -0.00019  -0.00007  -0.00049  -0.00020  -0.00022  -0.00101  -0.00024  -0.00023  -0.00033
-C25 0.5 -C25D -2     -0.00035  -0.00014  -0.00075  -0.00036  -0.00044  -0.00151  -0.00024  -0.00040  -0.00033
-MR -1.75             +0.00000  +0.00001  -0.00024  +0.00000  +0.00000  +0.00000  -0.00073  -0.00003  +0.00000
-MR -1.7              -0.00001  +0.00001  -0.00049  -0.00001  +0.00000  +0.00000  -0.00073  -0.00005  -0.00033
-MR -1.65             -0.00005  +0.00002  -0.00074  -0.00006  +0.00000  -0.00050  -0.00122  -0.00012  -0.00099
-MR -1.6              -0.00005  +0.00003  -0.00097  -0.00006  +0.00000  -0.00101  -0.00220  -0.00013  -0.00165
