label                                   eff      dup     fake |    effB    effT    effE |    dupB    dupT    dupE |    fakB    fakT    fakE |     v15    v510   v1030     d15 | nTCincut   kill   kFk% |    nhB    nhT    nhE
BASELINE                            0.80905  0.06184  0.05607 | 0.92454 0.87981 0.74436 | 0.04294 0.03375 0.08069 | 0.06754 0.06932 0.04578 | 0.80110 0.72161 0.71474 0.58320 |  1578457      0    0.0 |  9.801  9.884  3.557
------------------------------------------------------------------------------------------------------------------------
-M4D -1                             0.80899  0.06172  0.05518 | 0.92451 0.87981 0.74426 | 0.04297 0.03373 0.08043 | 0.06492 0.06932 0.04558 | 0.80066 0.72161 0.71181 0.57989 |  1576237   3063   60.1 |  9.807  9.884  3.555
-M4D -0.5                           0.80891  0.06138  0.05350 | 0.92451 0.87974 0.74409 | 0.04291 0.03372 0.07977 | 0.05998 0.06932 0.04521 | 0.79978 0.71960 0.70669 0.57029 |  1571770   9067   58.2 |  9.820  9.884  3.549
-M4D 0                              0.80884  0.06116  0.05242 | 0.92440 0.87974 0.74402 | 0.04289 0.03370 0.07935 | 0.05676 0.06932 0.04500 | 0.79912 0.71558 0.70083 0.56136 |  1568544  13271   56.1 |  9.830  9.884  3.545
-M4D 0.5                            0.80872  0.06094  0.05175 | 0.92437 0.87951 0.74385 | 0.04276 0.03340 0.07907 | 0.05526 0.06851 0.04483 | 0.79759 0.71407 0.69668 0.55144 |  1565961  16766   52.2 |  9.835  9.887  3.541
-M4D 1                              0.80860  0.06072  0.05146 | 0.92430 0.87951 0.74361 | 0.04263 0.03331 0.07875 | 0.05463 0.06812 0.04475 | 0.79671 0.71256 0.69375 0.54317 |  1564355  19008   49.2 |  9.838  9.889  3.538
-M4D 2                              0.80852  0.06037  0.05129 | 0.92426 0.87943 0.74347 | 0.04257 0.03318 0.07820 | 0.05433 0.06786 0.04469 | 0.79518 0.71055 0.68838 0.52994 |  1562530  21726   44.8 |  9.840  9.891  3.531
------------------------------------------------------------------------------------------------------------------------

DELTAS vs baseline (sorted by fake gain)
label                        d_eff     d_dup    d_fake     d_v15    d_v510   d_v1030     d_d15  kill/evt
-M4D 2                    -0.00053  -0.00147  -0.00478  -0.00592  -0.01106  -0.02635  -0.05326     72.42
-M4D 1                    -0.00045  -0.00113  -0.00462  -0.00439  -0.00905  -0.02099  -0.04003     63.36
-M4D 0.5                  -0.00033  -0.00090  -0.00432  -0.00351  -0.00754  -0.01806  -0.03176     55.89
-M4D 0                    -0.00020  -0.00068  -0.00365  -0.00197  -0.00603  -0.01391  -0.02183     44.24
-M4D -0.5                 -0.00014  -0.00047  -0.00258  -0.00132  -0.00201  -0.00805  -0.01290     30.22
-M4D -1                   -0.00005  -0.00012  -0.00089  -0.00044  +0.00000  -0.00293  -0.00331     10.21
