label                                   eff      dup     fake |    effB    effT    effE |    dupB    dupT    dupE |    fakB    fakT    fakE |     v15    v510   v1030     d15 | nTCincut   kill   kFk% |    nhB    nhT    nhE
BASELINE                            0.80905  0.06184  0.05607 | 0.92454 0.87981 0.74436 | 0.04294 0.03375 0.08069 | 0.06754 0.06932 0.04578 | 0.80110 0.72161 0.71474 0.58320 |  1578457      0    0.0 |  9.801  9.884  3.557
------------------------------------------------------------------------------------------------------------------------
-MRI 0                              0.80865  0.06177  0.05571 | 0.92395 0.87913 0.74426 | 0.04279 0.03353 0.08068 | 0.06684 0.06856 0.04574 | 0.80044 0.72060 0.71474 0.58320 |  1577098   1527   46.6 |  9.799  9.883  3.556
-MRI 0.5                            0.80761  0.06164  0.05508 | 0.92241 0.87692 0.74412 | 0.04246 0.03328 0.08063 | 0.06544 0.06760 0.04566 | 0.79890 0.71658 0.71303 0.58253 |  1574406   4871   42.8 |  9.796  9.881  3.554
-MRI 1                              0.80572  0.06146  0.05458 | 0.91991 0.87289 0.74361 | 0.04207 0.03285 0.08055 | 0.06435 0.06680 0.04561 | 0.79518 0.71206 0.70864 0.58187 |  1570636   9611   34.1 |  9.792  9.877  3.551
-MRI 2                              0.79650  0.06107  0.05418 | 0.91072 0.84718 0.74084 | 0.04096 0.03181 0.08045 | 0.06358 0.06655 0.04550 | 0.77193 0.68191 0.69473 0.57890 |  1557647  25641   19.3 |  9.776  9.858  3.538
-MRI 3                              0.76776  0.06043  0.05462 | 0.88491 0.76951 0.72843 | 0.03864 0.03021 0.08027 | 0.06440 0.06876 0.04555 | 0.71425 0.62563 0.66691 0.57691 |  1525288  63608    9.9 |  9.737  9.792  3.494
-MR -1.5                            0.80892  0.06189  0.05463 | 0.92437 0.87958 0.74432 | 0.04294 0.03376 0.08070 | 0.06456 0.06661 0.04559 | 0.80088 0.72010 0.71181 0.58055 |  1575592   3443   83.3 |  9.799  9.883  3.555
-MR -1                              0.80868  0.06191  0.05224 | 0.92388 0.87943 0.74426 | 0.04291 0.03371 0.08067 | 0.06010 0.06159 0.04517 | 0.79934 0.71859 0.70571 0.57426 |  1570484   9650   79.1 |  9.796  9.880  3.551
-MR -0.5                            0.80823  0.06185  0.05016 | 0.92321 0.87859 0.74415 | 0.04265 0.03352 0.08063 | 0.05656 0.05684 0.04470 | 0.79759 0.71558 0.69693 0.56434 |  1565149  16174   73.1 |  9.792  9.877  3.545
-MR 0                               0.80750  0.06164  0.04837 | 0.92233 0.87677 0.74398 | 0.04218 0.03291 0.08056 | 0.05369 0.05251 0.04427 | 0.79452 0.70854 0.68521 0.55111 |  1559352  23471   66.1 |  9.788  9.873  3.539
-MR 0.5                             0.80581  0.06096  0.04630 | 0.92034 0.87251 0.74357 | 0.04079 0.03126 0.08036 | 0.04987 0.04826 0.04380 | 0.78882 0.70050 0.66642 0.53291 |  1550448  35306   57.3 |  9.783  9.865  3.528
-MR 1                               0.80282  0.06017  0.04471 | 0.91588 0.86718 0.74279 | 0.03890 0.02966 0.08015 | 0.04705 0.04488 0.04341 | 0.78333 0.68141 0.64397 0.51174 |  1539419  50091   48.1 |  9.775  9.853  3.515
-MR 2                               0.79687  0.05928  0.04316 | 0.91030 0.85159 0.74022 | 0.03703 0.02706 0.07974 | 0.04455 0.04118 0.04296 | 0.76579 0.64171 0.57931 0.44856 |  1516285  81457   35.0 |  9.756  9.815  3.479
------------------------------------------------------------------------------------------------------------------------

DELTAS vs baseline (sorted by fake gain)
label                        d_eff     d_dup    d_fake     d_v15    d_v510   d_v1030     d_d15  kill/evt
-MR 2                     -0.01217  -0.00257  -0.01292  -0.03531  -0.07990  -0.13543  -0.13463    271.52
-MR 1                     -0.00622  -0.00167  -0.01136  -0.01776  -0.04020  -0.07077  -0.07145    166.97
-MR 0.5                   -0.00324  -0.00089  -0.00978  -0.01228  -0.02111  -0.04832  -0.05028    117.69
-MR 0                     -0.00155  -0.00021  -0.00771  -0.00658  -0.01307  -0.02953  -0.03209     78.24
-MR -0.5                  -0.00081  +0.00000  -0.00592  -0.00351  -0.00603  -0.01781  -0.01886     53.91
-MR -1                    -0.00037  +0.00007  -0.00383  -0.00175  -0.00302  -0.00903  -0.00893     32.17
-MRI 2                    -0.01255  -0.00078  -0.00189  -0.02917  -0.03970  -0.02001  -0.00430     85.47
-MRI 1                    -0.00332  -0.00038  -0.00149  -0.00592  -0.00955  -0.00610  -0.00132     32.04
-MRI 3                    -0.04128  -0.00141  -0.00146  -0.08684  -0.09598  -0.04783  -0.00629    212.03
-MR -1.5                  -0.00012  +0.00004  -0.00144  -0.00022  -0.00151  -0.00293  -0.00265     11.48
-MRI 0.5                  -0.00144  -0.00020  -0.00099  -0.00219  -0.00503  -0.00171  -0.00066     16.24
-MRI 0                    -0.00039  -0.00007  -0.00036  -0.00066  -0.00101  +0.00000  +0.00000      5.09
