label                                   eff      dup     fake |    effB    effT    effE |    dupB    dupT    dupE |    fakB    fakT    fakE |     v15    v510   v1030     d15 | nTCincut   kill   kFk% |    nhB    nhT    nhE
BASELINE                            0.80905  0.06184  0.05607 | 0.92454 0.87981 0.74436 | 0.04294 0.03375 0.08069 | 0.06754 0.06932 0.04578 | 0.80110 0.72161 0.71474 0.58320 |  1578457      0    0.0 |  9.801  9.884  3.557
------------------------------------------------------------------------------------------------------------------------
-M4 4.5                             0.80788  0.05962  0.05620 | 0.92447 0.87616 0.74313 | 0.04283 0.02878 0.07812 | 0.06754 0.06963 0.04591 | 0.79978 0.71910 0.71474 0.58320 |  1573734   6725    1.3 |  9.801  9.895  3.541
-M4 5                               0.80724  0.05837  0.05628 | 0.92447 0.87586 0.74166 | 0.04283 0.02849 0.07593 | 0.06754 0.06966 0.04603 | 0.79868 0.71859 0.71474 0.58320 |  1571198   9882    1.0 |  9.801  9.896  3.528
-M4 6                               0.80703  0.05779  0.05631 | 0.92447 0.87578 0.74114 | 0.04283 0.02849 0.07489 | 0.06754 0.06966 0.04607 | 0.79825 0.71809 0.71474 0.58320 |  1570176  11072    1.0 |  9.801  9.896  3.523
-M4 8                               0.80703  0.05779  0.05631 | 0.92447 0.87578 0.74114 | 0.04283 0.02849 0.07489 | 0.06754 0.06966 0.04607 | 0.79825 0.71809 0.71474 0.58320 |  1570176  11072    1.0 |  9.801  9.896  3.523
------------------------------------------------------------------------------------------------------------------------

DELTAS vs baseline (sorted by fake gain)
label                        d_eff     d_dup    d_fake     d_v15    d_v510   d_v1030     d_d15  kill/evt
-M4 4.5                   -0.00117  -0.00222  +0.00013  -0.00132  -0.00251  +0.00000  +0.00000     22.42
-M4 5                     -0.00180  -0.00348  +0.00021  -0.00241  -0.00302  +0.00000  +0.00000     32.94
-M4 6                     -0.00202  -0.00405  +0.00024  -0.00285  -0.00352  +0.00000  +0.00000     36.91
-M4 8                     -0.00202  -0.00405  +0.00024  -0.00285  -0.00352  +0.00000  +0.00000     36.91
