label                                   eff      dup     fake |    effB    effT    effE |    dupB    dupT    dupE |    fakB    fakT    fakE |     v15    v510   v1030     d15 | nTCincut   kill   kFk% |    nhB    nhT    nhE
BASELINE                            0.80905  0.06184  0.05607 | 0.92454 0.87981 0.74436 | 0.04294 0.03375 0.08069 | 0.06754 0.06932 0.04578 | 0.80110 0.72161 0.71474 0.58320 |  1578457      0    0.0 |  9.801  9.884  3.557
------------------------------------------------------------------------------------------------------------------------
-C25 0.5 -C25D -2                   0.80869  0.06170  0.05532 | 0.92405 0.87905 0.74429 | 0.04254 0.03356 0.08066 | 0.06566 0.06848 0.04570 | 0.80066 0.72010 0.71449 0.58286 |  1576342   3322   57.1 |  9.800  9.884  3.556
-C25 1 -C25D -2                     0.80827  0.06157  0.05495 | 0.92328 0.87852 0.74422 | 0.04216 0.03340 0.08063 | 0.06476 0.06802 0.04567 | 0.80044 0.71910 0.71401 0.58253 |  1574698   6121   47.8 |  9.800  9.883  3.555
-C25 2 -C25D -2                     0.80760  0.06146  0.05476 | 0.92248 0.87669 0.74412 | 0.04192 0.03310 0.08061 | 0.06433 0.06774 0.04565 | 0.79978 0.71910 0.71401 0.58253 |  1572974   9757   37.6 |  9.799  9.883  3.555
-C25 0 -C25D -1                     0.80884  0.06192  0.05305 | 0.92433 0.87928 0.74429 | 0.04296 0.03370 0.08069 | 0.06160 0.06316 0.04536 | 0.80000 0.72060 0.70815 0.57658 |  1572316   8061   79.1 |  9.799  9.883  3.554
-C25 0 -C25D 0                      0.80861  0.06196  0.05165 | 0.92416 0.87844 0.74426 | 0.04300 0.03362 0.08069 | 0.05873 0.06049 0.04517 | 0.79890 0.71910 0.69839 0.56434 |  1568878  12447   73.5 |  9.798  9.882  3.552
-C25 1 -C25D -1                     0.80780  0.06153  0.05140 | 0.92283 0.87715 0.74409 | 0.04197 0.03310 0.08057 | 0.05783 0.06066 0.04516 | 0.79868 0.71709 0.70693 0.57493 |  1566924  16537   63.5 |  9.798  9.882  3.550
-C25 2 -C25D 0                      0.80530  0.06117  0.04923 | 0.92065 0.86878 0.74367 | 0.04135 0.03180 0.08041 | 0.05354 0.05644 0.04481 | 0.79342 0.71005 0.69107 0.55872 |  1557479  31049   50.3 |  9.796  9.880  3.544
------------------------------------------------------------------------------------------------------------------------

DELTAS vs baseline (sorted by fake gain)
label                        d_eff     d_dup    d_fake     d_v15    d_v510   d_v1030     d_d15  kill/evt
-C25 2 -C25D 0            -0.00374  -0.00067  -0.00684  -0.00768  -0.01156  -0.02367  -0.02448     31.78
-C25 1 -C25D -1           -0.00125  -0.00032  -0.00467  -0.00241  -0.00452  -0.00781  -0.00827     16.93
-C25 0 -C25D 0            -0.00043  +0.00011  -0.00442  -0.00219  -0.00251  -0.01635  -0.01886     12.74
-C25 0 -C25D -1           -0.00020  +0.00007  -0.00302  -0.00110  -0.00101  -0.00659  -0.00662      8.25
-C25 2 -C25D -2           -0.00145  -0.00038  -0.00131  -0.00132  -0.00251  -0.00073  -0.00066      9.99
-C25 1 -C25D -2           -0.00077  -0.00027  -0.00112  -0.00066  -0.00251  -0.00073  -0.00066      6.27
-C25 0.5 -C25D -2         -0.00035  -0.00014  -0.00075  -0.00044  -0.00151  -0.00024  -0.00033      3.40
