### per-cell ORACLE (in-cut rows only)
cell                           N    N/evt    fake%  essent%    free%  free/evt
chain/T5                   98525   328.42     9.21     7.28    92.72    304.51
carried/pLS               180173   600.58     4.75     2.34    97.66    586.52
attachT3/pT3               27995    93.32    17.39     3.02    96.98     90.50
chain/T4                    7801    26.00    33.14     2.46    97.54     25.36
attachT5/pT5              159360   531.20     0.76     4.54    95.46    507.09
zp8pLS/pLS                  6455    21.52     5.64     2.42    97.58     21.00

label                                   eff      dup     fake |    effB    effT    effE |    dupB    dupT    dupE |    fakB    fakT    fakE |     v15    v510   v1030     d15 | nTCincut   kill   kFk%
BASELINE                            0.80992  0.06230  0.05551 | 0.92660 0.88213 0.74496 | 0.04344 0.03431 0.08106 | 0.06680 0.06903 0.04525 | 0.79459 0.73356 0.74139 0.61650 |   480309      0    0.0
ORACLE free-drop attachT3/pT3       0.80992  0.06408  0.04810 | 0.92660 0.88213 0.74496 | 0.04730 0.03489 0.08087 | 0.05829 0.05857 0.03996 | 0.79459 0.73356 0.74139 0.61650 |   453160  39750   14.2
ORACLE free-drop chain/T5           0.80992  0.05484  0.04521 | 0.92660 0.88213 0.74496 | 0.01892 0.01953 0.07678 | 0.04729 0.04464 0.04445 | 0.79459 0.73356 0.74139 0.61650 |   388957 120724    9.3
ORACLE free-drop chain/T4           0.80992  0.05662  0.05094 | 0.92660 0.88213 0.74496 | 0.04296 0.02913 0.07237 | 0.05364 0.06781 0.04440 | 0.79459 0.73356 0.74139 0.61650 |   472700  10063   29.9
ORACLE free-drop carried/pLS        0.80992  0.03786  0.05949 | 0.92660 0.88213 0.74496 | 0.04088 0.03092 0.03889 | 0.06794 0.06700 0.04105 | 0.79459 0.73356 0.74139 0.61650 |   304353 253804    4.6
ORACLE free-drop zp8pLS/pLS         0.80992  0.04507  0.05548 | 0.92660 0.88213 0.74496 | 0.01016 0.01538 0.07285 | 0.06801 0.06920 0.04461 | 0.79459 0.73356 0.74139 0.61650 |   474010   8669    5.3
ORACLE free-drop attachT5/pT5       0.80992  0.08523  0.07756 | 0.92660 0.88213 0.74496 | 0.07396 0.04901 0.09758 | 0.11705 0.11040 0.05503 | 0.79459 0.73356 0.74139 0.61650 |   328181 165481    0.8
ORACLE free-drop EVERYTHING         0.80992  0.00000  0.00000 | 0.92660 0.88213 0.74496 | 0.00000 0.00000 0.00000 | 0.00000 0.00000 0.00000 | 0.79459 0.73356 0.74139 0.61650 |    19816 598491    5.6

DELTAS
label                                  d_eff     d_dup    d_fake    d_v510   d_v1030     d_d15
