### per-cell ORACLE (in-cut rows only)
cell                           N    N/evt    fake%  essent%    free%  free/evt
chain/T5                  323385   331.00     9.31     7.18    92.82    307.25
carried/pLS               592016   605.95     4.80     2.30    97.70    592.03
attachT3/pT3               91813    93.97    17.76     3.07    96.93     91.09
chain/T4                   25529    26.13    33.36     2.54    97.46     25.47
attachT5/pT5              524674   537.03     0.74     4.55    95.45    512.59
zp8pLS/pLS                 21040    21.54     6.00     2.52    97.48     20.99

label                                   eff      dup     fake |    effB    effT    effE |    dupB    dupT    dupE |    fakB    fakT    fakE |     v15    v510   v1030     d15 | nTCincut   kill   kFk% |    nhB    nhT    nhE
BASELINE                            0.80905  0.06184  0.05607 | 0.92454 0.87981 0.74436 | 0.04294 0.03375 0.08069 | 0.06754 0.06932 0.04578 | 0.80110 0.72161 0.71474 0.58320 |  1578457      0    0.0 |  9.801  9.884  3.557
ORACLE free-drop attachT3/pT3       0.80905  0.06363  0.04847 | 0.92454 0.87981 0.74436 | 0.04681 0.03421 0.08054 | 0.05872 0.05888 0.04031 | 0.80110 0.72161 0.71474 0.58320 |  1489466 130501   14.5 | 10.261 10.159  3.495
ORACLE free-drop chain/T5           0.80905  0.05413  0.04570 | 0.92454 0.87981 0.74436 | 0.01791 0.01947 0.07609 | 0.04790 0.04529 0.04485 | 0.80110 0.72161 0.71474 0.58320 |  1278276 397035    9.4 |  9.266  9.269  2.987
ORACLE free-drop chain/T4           0.80905  0.05628  0.05149 | 0.92454 0.87981 0.74436 | 0.04249 0.02862 0.07215 | 0.05430 0.06813 0.04496 | 0.80110 0.72161 0.71474 0.58320 |  1553577  33020   30.1 |  9.839  9.902  3.490
ORACLE free-drop carried/pLS        0.80905  0.03741  0.06007 | 0.92454 0.87981 0.74436 | 0.04021 0.03053 0.03872 | 0.06863 0.06698 0.04185 | 0.80110 0.72161 0.71474 0.58320 |  1000045 833962    4.6 | 10.216 10.365  9.942
ORACLE free-drop zp8pLS/pLS         0.80905  0.04486  0.05600 | 0.92454 0.87981 0.74436 | 0.01039 0.01495 0.07249 | 0.06872 0.06944 0.04509 | 0.80110 0.72161 0.71474 0.58320 |  1557948  28339    5.6 | 10.030 10.024  3.583
ORACLE free-drop attachT5/pT5       0.80905  0.08465  0.07852 | 0.92454 0.87981 0.74436 | 0.07276 0.04848 0.09722 | 0.11865 0.11097 0.05581 | 0.80110 0.72161 0.71474 0.58320 |  1077654 544794    0.8 |  8.616  9.048  1.497
ORACLE free-drop EVERYTHING         0.80905  0.00000  0.00000 | 0.92454 0.87981 0.74436 | 0.00000 0.00000 0.00000 | 0.00000 0.00000 0.00000 | 0.80110 0.72161 0.71474 0.58320 |    64681 1967651    5.6 | 10.445 10.198  4.880

DELTAS
label                                  d_eff     d_dup    d_fake    d_v510   d_v1030     d_d15
