
### delivery class x type
cell                                                   N    N/evt    fake%     dup%  f-or-d%
carried/pLS                                       592016   605.95     4.80     9.21    14.02
chain/T5                                          323385   331.00     9.31     5.79    15.10
attachT3/pT3                                       91813    93.97    17.76     1.60    19.36
zp8pLS/pLS                                         21040    21.54     6.00    66.90    72.89
chain/T4                                           25529    26.13    33.36    21.07    54.43
attachT5/pT5                                      524674   537.03     0.74     0.65     1.39

### x nhitOT
cell                                                   N    N/evt    fake%     dup%  f-or-d%
('carried/pLS', 0)                                592016   605.95     4.80     9.21    14.02
('chain/T5', 10)                                  170171   174.18    14.08     6.18    20.26
('attachT3/pT3', 6)                                91813    93.97    17.76     1.60    19.36
('zp8pLS/pLS', 0)                                  21040    21.54     6.00    66.90    72.89
('chain/T4', 8)                                    25529    26.13    33.36    21.07    54.43
('chain/T5', 12)                                  146333   149.78     4.10     5.36     9.46
('attachT5/pT5', 10)                              234291   239.81     0.92     0.87     1.80
('attachT5/pT5', 12)                              274158   280.61     0.60     0.45     1.05
('chain/T5', 14)                                    6881     7.04     1.96     5.23     7.19
('attachT5/pT5', 14)                               16225    16.61     0.52     0.89     1.41

### x -G 6 admission branch (dbgBr)
cell                                                   N    N/evt    fake%     dup%  f-or-d%
('carried/pLS', -1)                               592016   605.95     4.80     9.21    14.02
('chain/T5', 3)                                   159410   163.16    15.48     5.20    20.68
('attachT3/pT3', -1)                               91813    93.97    17.76     1.60    19.36
('chain/T5', 2)                                   163567   167.42     3.30     6.32     9.62
('zp8pLS/pLS', -1)                                 21040    21.54     6.00    66.90    72.89
('chain/T4', 1)                                    17468    17.88    48.29    11.16    59.45
('attachT5/pT5', 2)                               465160   476.11     0.48     0.59     1.07
('chain/T4', 0)                                     8061     8.25     1.02    42.54    43.56
('attachT5/pT5', 3)                                59514    60.92     2.82     1.11     3.93
('chain/T5', 0)                                      220     0.23     0.91    27.73    28.64

### x chain nLayers (dbgNL)
cell                                                   N    N/evt    fake%     dup%  f-or-d%
('carried/pLS', 0)                                592016   605.95     4.80     9.21    14.02
('chain/T5', 5)                                   170171   174.18    14.08     6.18    20.26
('attachT3/pT3', 0)                                91813    93.97    17.76     1.60    19.36
('zp8pLS/pLS', 0)                                  21040    21.54     6.00    66.90    72.89
('chain/T4', 4)                                    25529    26.13    33.36    21.07    54.43
('chain/T5', 6)                                   146333   149.78     4.10     5.36     9.46
('attachT5/pT5', 5)                               234291   239.81     0.92     0.87     1.80
('attachT5/pT5', 6)                               274158   280.61     0.60     0.45     1.05
('chain/T5', 7)                                     6881     7.04     1.96     5.23     7.19
('attachT5/pT5', 7)                                16225    16.61     0.52     0.89     1.41

### x member-T3 count (dbgNN)
cell                                                   N    N/evt    fake%     dup%  f-or-d%
('carried/pLS', 0)                                592016   605.95     4.80     9.21    14.02
('chain/T5', 3)                                   181857   186.14     7.45     5.89    13.34
('chain/T5', 2)                                   103436   105.87    14.86     5.68    20.55
('attachT3/pT3', 0)                                91813    93.97    17.76     1.60    19.36
('zp8pLS/pLS', 0)                                  21040    21.54     6.00    66.90    72.89
('chain/T4', 2)                                    25529    26.13    33.36    21.07    54.43
('attachT5/pT5', 3)                               295900   302.87     0.76     0.66     1.43
('chain/T5', 4)                                    37501    38.38     3.03     5.56     8.60
('attachT5/pT5', 2)                               146594   150.05     0.80     0.58     1.38
('attachT5/pT5', 4)                                80852    82.76     0.56     0.69     1.25
('chain/T5', 5)                                      591     0.60     4.40     8.12    12.52
('attachT5/pT5', 5)                                 1328     1.36     1.05     3.46     4.52

### x PS-module MD count (dbgNPS)
cell                                                   N    N/evt    fake%     dup%  f-or-d%
('carried/pLS', 0)                                592016   605.95     4.80     9.21    14.02
('chain/T5', 3)                                   231577   237.03     7.80     5.33    13.13
('attachT3/pT3', 0)                                91813    93.97    17.76     1.60    19.36
('zp8pLS/pLS', 0)                                  21040    21.54     6.00    66.90    72.89
('chain/T5', 2)                                    44964    46.02    21.60     5.74    27.33
('chain/T4', 4)                                    10789    11.04     5.62    35.43    41.05
('chain/T4', 3)                                     6467     6.62    43.45    18.34    61.79
('attachT5/pT5', 3)                               327701   335.42     0.70     0.47     1.17
('chain/T4', 1)                                     5394     5.52    58.47     2.87    61.35
('chain/T5', 5)                                    25422    26.02     3.77     7.77    11.54
('chain/T4', 2)                                     2855     2.92    67.85     7.50    75.34
('chain/T5', 4)                                    13293    13.61     7.84     8.15    15.99
('attachT5/pT5', 5)                               103416   105.85     0.69     1.00     1.69
('chain/T5', 6)                                     6456     6.61     1.75     9.84    11.59
('attachT5/pT5', 6)                                46279    47.37     0.53     0.88     1.41
('attachT5/pT5', 4)                                16346    16.73     1.79     1.54     3.33
('attachT5/pT5', 2)                                30020    30.73     1.13     0.61     1.75
('chain/T5', 1)                                     1670     1.71    12.57     6.23    18.80
('attachT5/pT5', 1)                                  912     0.93     1.86     0.77     2.63

### x innermost chain layer (dbgInLay)
cell                                                   N    N/evt    fake%     dup%  f-or-d%
('carried/pLS', 0)                                592016   605.95     4.80     9.21    14.02
('chain/T5', 1)                                   269862   276.21     7.34     5.52    12.86
('attachT3/pT3', 0)                                91813    93.97    17.76     1.60    19.36
('zp8pLS/pLS', 0)                                  21040    21.54     6.00    66.90    72.89
('chain/T5', 2)                                    43082    44.10    21.88     6.34    28.22
('attachT5/pT5', 1)                               473891   485.05     0.70     0.59     1.29
('chain/T4', 8)                                     9996    10.23     6.49    35.57    42.07
('chain/T4', 1)                                     6876     7.04    40.97    18.08    59.05
('chain/T4', 3)                                     5047     5.17    59.12     2.54    61.66
('chain/T5', 7)                                    10418    10.66     8.12    10.53    18.65
('chain/T4', 2)                                     2316     2.37    75.35     4.10    79.45
('attachT5/pT5', 7)                                29634    30.33     1.14     1.39     2.53
('chain/T4', 7)                                     1294     1.32    24.88    27.59    52.47
('attachT5/pT5', 2)                                21149    21.65     1.16     1.00     2.16

### x barrel MD count (dbgNB)
cell                                                   N    N/evt    fake%     dup%  f-or-d%
('carried/pLS', 0)                                592016   605.95     4.80     9.21    14.02
('attachT3/pT3', 0)                                91813    93.97    17.76     1.60    19.36
('chain/T5', 5)                                    75463    77.24    16.26     6.19    22.45
('zp8pLS/pLS', 0)                                  21040    21.54     6.00    66.90    72.89
('chain/T5', 6)                                    75795    77.58     3.39     6.73    10.11
('chain/T5', 3)                                    50668    51.86    10.91     3.58    14.49
('chain/T4', 4)                                    10306    10.55    65.68     3.64    69.32
('chain/T5', 4)                                    38695    39.61    11.41     3.62    15.03
('chain/T4', 0)                                    11290    11.56     8.60    34.66    43.26
('chain/T5', 2)                                    40553    41.51     5.99     5.32    11.31
('chain/T5', 1)                                    31793    32.54     6.40     7.84    14.24
('chain/T5', 0)                                    10418    10.66     8.12    10.53    18.65
('attachT5/pT5', 1)                               110602   113.21     0.76     0.89     1.65
('attachT5/pT5', 2)                                74702    76.46     0.99     0.91     1.90
('attachT5/pT5', 5)                                90632    92.77     0.63     0.53     1.16
('attachT5/pT5', 3)                                56531    57.86     1.17     0.65     1.81
('chain/T4', 3)                                     1607     1.64    17.11    32.30    49.41
('attachT5/pT5', 0)                                29634    30.33     1.14     1.39     2.53
('attachT5/pT5', 6)                               133349   136.49     0.33     0.14     0.47
('attachT5/pT5', 4)                                29224    29.91     1.02     1.07     2.09
('chain/T4', 1)                                     1240     1.27    22.02    23.95    45.97
('chain/T4', 2)                                     1086     1.11    21.09    25.32    46.41

### x chain MD count (dbgNMD)
cell                                                   N    N/evt    fake%     dup%  f-or-d%
('carried/pLS', 0)                                592016   605.95     4.80     9.21    14.02
('chain/T5', 5)                                   170171   174.18    14.08     6.18    20.26
('attachT3/pT3', 0)                                91813    93.97    17.76     1.60    19.36
('zp8pLS/pLS', 0)                                  21040    21.54     6.00    66.90    72.89
('chain/T4', 4)                                    25529    26.13    33.36    21.07    54.43
('chain/T5', 6)                                   146333   149.78     4.10     5.36     9.46
('attachT5/pT5', 5)                               234291   239.81     0.92     0.87     1.80
('attachT5/pT5', 6)                               274158   280.61     0.60     0.45     1.05
('chain/T5', 7)                                     6881     7.04     1.96     5.23     7.19
('attachT5/pT5', 7)                                16225    16.61     0.52     0.89     1.41

### x (nMD - 2*nLayers)  [double-hit layers]
cell                                                   N    N/evt    fake%     dup%  f-or-d%
('carried/pLS', None)                             592016   605.95     4.80     9.21    14.02
('chain/T5', -5)                                  170171   174.18    14.08     6.18    20.26
('attachT3/pT3', None)                             91813    93.97    17.76     1.60    19.36
('zp8pLS/pLS', None)                               21040    21.54     6.00    66.90    72.89
('chain/T4', -4)                                   25529    26.13    33.36    21.07    54.43
('chain/T5', -6)                                  146333   149.78     4.10     5.36     9.46
('attachT5/pT5', -5)                              234291   239.81     0.92     0.87     1.80
('attachT5/pT5', -6)                              274158   280.61     0.60     0.45     1.05
('chain/T5', -7)                                    6881     7.04     1.96     5.23     7.19
('attachT5/pT5', -7)                               16225    16.61     0.52     0.89     1.41

### x int(pt) capped 6
cell                                                   N    N/evt    fake%     dup%  f-or-d%
('carried/pLS', 1)                                380086   389.03     3.94     9.01    12.95
('chain/T5', 1)                                   192854   197.39     9.38     4.93    14.31
('carried/pLS', 0)                                111326   113.95     4.54     8.54    13.08
('attachT3/pT3', 1)                                58374    59.75    18.78     1.57    20.36
('carried/pLS', 2)                                 68321    69.93     4.78    10.16    14.94
('chain/T5', 0)                                    70267    71.92     7.30     5.10    12.40
('chain/T4', 1)                                    15515    15.88    31.21    21.90    53.12
('zp8pLS/pLS', 1)                                   9962    10.20     6.92    61.93    68.84
('attachT5/pT5', 1)                               356543   364.94     0.77     0.66     1.43
('chain/T5', 2)                                    29800    30.50    11.75     4.28    16.03
('chain/T5', 6)                                    11209    11.47    10.04    30.03    40.07
('carried/pLS', 3)                                 17747    18.16     7.93    11.85    19.78
('zp8pLS/pLS', 6)                                   3754     3.84     3.41    89.32    92.73
('attachT3/pT3', 0)                                23440    23.99    12.15     1.37    13.52
('carried/pLS', 6)                                  5718     5.85    41.73    10.27    51.99
('zp8pLS/pLS', 0)                                   4155     4.25     5.13    63.13    68.26
('chain/T4', 0)                                     4919     5.03    20.96    25.57    46.53
('chain/T4', 2)                                     3161     3.24    44.57    17.27    61.85
('chain/T5', 3)                                    10785    11.04    11.83     4.72    16.55
('attachT3/pT3', 2)                                 6911     7.07    21.99     1.87    23.86
('carried/pLS', 4)                                  6017     6.16    13.31    12.46    25.78
('zp8pLS/pLS', 2)                                   1785     1.83     7.68    58.66    66.33
('attachT5/pT5', 0)                                64593    66.11     1.05     0.70     1.75
('carried/pLS', 5)                                  2801     2.87    19.53    14.46    33.99
('chain/T5', 4)                                     5231     5.35    11.95     4.87    16.82
('attachT5/pT5', 2)                                77398    79.22     0.48     0.56     1.04
('chain/T4', 3)                                      919     0.94    57.78    11.86    69.64
('attachT3/pT3', 3)                                 1792     1.83    31.08     2.40    33.48
('chain/T5', 5)                                     3239     3.32    10.50     7.10    17.60
('zp8pLS/pLS', 3)                                    673     0.69     7.28    59.44    66.72
('chain/T4', 4)                                      418     0.43    65.31     7.89    73.21
('chain/T4', 6)                                      382     0.39    72.77     4.97    77.75
('zp8pLS/pLS', 4)                                    395     0.40     7.85    63.04    70.89
('zp8pLS/pLS', 5)                                    316     0.32     4.75    74.05    78.80
('attachT3/pT3', 4)                                  642     0.66    31.93     2.65    34.58
('chain/T4', 5)                                      215     0.22    70.70     7.44    78.14
('attachT5/pT5', 3)                                18167    18.59     0.31     0.58     0.89
('attachT3/pT3', 6)                                  423     0.43    29.79     8.04    37.83
('attachT3/pT3', 5)                                  231     0.24    37.23     3.03    40.26
('attachT5/pT5', 4)                                 4642     4.75     0.19     0.71     0.90
('attachT5/pT5', 6)                                 1700     1.74     0.82     1.12     1.94
('attachT5/pT5', 5)                                 1631     1.67     0.43     0.98     1.41
