label                                   eff      dup     fake |    effB    effT    effE |    dupB    dupT    dupE |    fakB    fakT    fakE |     v15    v510   v1030     d15 | nTCincut   kill   kFk% |    nhB    nhT    nhE
BASELINE                            0.80905  0.06184  0.05607 | 0.92454 0.87981 0.74436 | 0.04294 0.03375 0.08069 | 0.06754 0.06932 0.04578 | 0.80110 0.72161 0.71474 0.58320 |  1578457      0    0.0 |  9.801  9.884  3.557
-----------------------------------------------------------------------------------------------------------------------------------------------------------------------------------------------------------------------------
T4 br==0                            0.80712  0.05788  0.05631 | 0.92447 0.87624 0.74118 | 0.04283 0.02885 0.07494 | 0.06754 0.06963 0.04606 | 0.79868 0.71809 0.71474 0.58320 |  1570396  10412    1.0 |  9.801  9.896  3.523
T4 br==1                            0.80852  0.06013  0.05130 | 0.92426 0.87951 0.74344 | 0.04257 0.03323 0.07777 | 0.05433 0.06786 0.04469 | 0.79474 0.70804 0.68790 0.52795 |  1560989  23286   42.2 |  9.840  9.891  3.523
T4 nPS<=1                           0.80900  0.06185  0.05425 | 0.92447 0.87974 0.74436 | 0.04286 0.03367 0.08065 | 0.06202 0.06894 0.04562 | 0.80022 0.72111 0.70620 0.54747 |  1573039   6465   56.7 |  9.820  9.885  3.556
T4 nPS<=2                           0.80891  0.06170  0.05312 | 0.92444 0.87951 0.74426 | 0.04290 0.03320 0.08046 | 0.05893 0.06858 0.04535 | 0.80022 0.71960 0.70400 0.54482 |  1570184   9995   58.5 |  9.827  9.888  3.553
T4 nPS<=3                           0.80807  0.06044  0.05154 | 0.92419 0.87593 0.74398 | 0.04246 0.02831 0.07971 | 0.05433 0.06816 0.04511 | 0.79649 0.70955 0.68790 0.52928 |  1563717  19036   47.9 |  9.840  9.903  3.546
T4 br1 & nPS<=1                     0.80900  0.06185  0.05425 | 0.92447 0.87974 0.74436 | 0.04286 0.03367 0.08065 | 0.06202 0.06894 0.04562 | 0.80022 0.72111 0.70620 0.54747 |  1573039   6464   56.7 |  9.820  9.885  3.556
T4 br1 & nPS<=2                     0.80894  0.06176  0.05312 | 0.92444 0.87966 0.74426 | 0.04290 0.03354 0.08046 | 0.05893 0.06856 0.04535 | 0.80022 0.72010 0.70400 0.54482 |  1570314   9826   59.4 |  9.827  9.887  3.553
T4 br1 & nPS<=3                     0.80880  0.06129  0.05151 | 0.92426 0.87951 0.74415 | 0.04257 0.03323 0.07981 | 0.05433 0.06786 0.04511 | 0.79759 0.71106 0.68790 0.52928 |  1565459  16432   55.2 |  9.840  9.891  3.547
T4 nB>=2                            0.80812  0.06086  0.05189 | 0.92419 0.87601 0.74409 | 0.04246 0.02839 0.08042 | 0.05433 0.06835 0.04571 | 0.79671 0.71055 0.68790 0.52928 |  1565458  16165   51.3 |  9.840  9.902  3.555
T4 nB>=3                            0.80838  0.06116  0.05200 | 0.92419 0.87684 0.74436 | 0.04246 0.02945 0.08068 | 0.05433 0.06878 0.04578 | 0.79693 0.71407 0.68814 0.53027 |  1566544  14781   54.4 |  9.840  9.897  3.557
T4 nB>=4                            0.80888  0.06178  0.05212 | 0.92419 0.87966 0.74436 | 0.04247 0.03340 0.08069 | 0.05470 0.06876 0.04578 | 0.79803 0.71457 0.68887 0.53027 |  1568151  12380   62.4 |  9.839  9.887  3.557
T4 br1 & nB==4                      0.80894  0.06183  0.05212 | 0.92426 0.87981 0.74436 | 0.04258 0.03357 0.08069 | 0.05470 0.06875 0.04578 | 0.79803 0.71457 0.68887 0.53027 |  1568265  12204   63.3 |  9.839  9.886  3.557
T4 inLay==1                         0.80807  0.06051  0.05453 | 0.92430 0.87601 0.74385 | 0.04250 0.02848 0.07990 | 0.06307 0.06890 0.04557 | 0.79693 0.71055 0.69863 0.56732 |  1571581   9729   34.1 |  9.813  9.900  3.550
T4 inLay==2                         0.80902  0.06182  0.05505 | 0.92451 0.87981 0.74432 | 0.04297 0.03367 0.08060 | 0.06449 0.06894 0.04570 | 0.80110 0.72111 0.71254 0.58055 |  1576141   2857   68.1 |  9.808  9.885  3.556
T4 inLay==3                         0.80902  0.06188  0.05436 | 0.92447 0.87981 0.74436 | 0.04286 0.03371 0.08069 | 0.06202 0.06905 0.04578 | 0.80044 0.72111 0.70620 0.54780 |  1573410   5906   58.2 |  9.820  9.885  3.557
T4 inLay in {2,3}                   0.80899  0.06185  0.05333 | 0.92444 0.87981 0.74432 | 0.04290 0.03363 0.08060 | 0.05893 0.06867 0.04570 | 0.80044 0.72060 0.70400 0.54515 |  1571094   8763   61.5 |  9.827  9.886  3.556
T4 pt>2                             0.80827  0.06116  0.05457 | 0.92444 0.87799 0.74333 | 0.04303 0.03224 0.07977 | 0.06347 0.06869 0.04546 | 0.79890 0.71910 0.70815 0.55243 |  1573362   5095   51.9 |  9.811  9.889  3.548
T4 pt>3                             0.80864  0.06170  0.05536 | 0.92447 0.87852 0.74398 | 0.04301 0.03315 0.08054 | 0.06573 0.06890 0.04559 | 0.79978 0.72161 0.71181 0.56335 |  1576523   1934   63.8 |  9.805  9.886  3.555
T4 pt>5                             0.80877  0.06183  0.05582 | 0.92451 0.87875 0.74419 | 0.04297 0.03359 0.08067 | 0.06694 0.06912 0.04571 | 0.80066 0.72161 0.71425 0.57459 |  1577860    597   72.0 |  9.802  9.885  3.557
-----------------------------------------------------------------------------------------------------------------------------------------------------------------------------------------------------------------------------

DELTAS vs baseline (sorted by fake gain; +eff/-dup/-fake are good)
label                                  d_eff     d_dup    d_fake    d_v510     d_d15    d_effB  kill/evt
T4 br==1                            -0.00053  -0.00171  -0.00478  -0.01357  -0.05524  -0.00028     23.83
T4 br1 & nPS<=3                     -0.00024  -0.00055  -0.00457  -0.01055  -0.05392  -0.00028     16.82
T4 nPS<=3                           -0.00098  -0.00141  -0.00453  -0.01206  -0.05392  -0.00035     19.48
T4 nB>=2                            -0.00092  -0.00099  -0.00418  -0.01106  -0.05392  -0.00035     16.55
T4 nB>=3                            -0.00066  -0.00068  -0.00407  -0.00754  -0.05293  -0.00035     15.13
T4 br1 & nB==4                      -0.00011  -0.00001  -0.00395  -0.00704  -0.05293  -0.00028     12.49
T4 nB>=4                            -0.00016  -0.00007  -0.00395  -0.00704  -0.05293  -0.00035     12.67
T4 br1 & nPS<=2                     -0.00011  -0.00009  -0.00295  -0.00151  -0.03837  -0.00011     10.06
T4 nPS<=2                           -0.00014  -0.00014  -0.00295  -0.00201  -0.03837  -0.00011     10.23
T4 inLay in {2,3}                   -0.00005  +0.00001  -0.00275  -0.00101  -0.03804  -0.00011      8.97
T4 nPS<=1                           -0.00004  +0.00001  -0.00182  -0.00050  -0.03573  -0.00007      6.62
T4 br1 & nPS<=1                     -0.00004  +0.00001  -0.00182  -0.00050  -0.03573  -0.00007      6.62
T4 inLay==3                         -0.00003  +0.00003  -0.00172  -0.00050  -0.03540  -0.00007      6.05
T4 inLay==1                         -0.00098  -0.00134  -0.00155  -0.01106  -0.01588  -0.00025      9.96
T4 pt>2                             -0.00077  -0.00068  -0.00150  -0.00251  -0.03076  -0.00011      5.21
T4 inLay==2                         -0.00003  -0.00003  -0.00102  -0.00050  -0.00265  -0.00004      2.92
T4 pt>3                             -0.00041  -0.00014  -0.00071  +0.00000  -0.01985  -0.00007      1.98
T4 pt>5                             -0.00027  -0.00002  -0.00025  +0.00000  -0.00860  -0.00004      0.61
T4 br==0                            -0.00192  -0.00396  +0.00024  -0.00352  +0.00000  -0.00007     10.66
