label                                   eff      dup     fake |    effB    effT    effE |    dupB    dupT    dupE |    fakB    fakT    fakE |     v15    v510   v1030     d15 | nTCincut   kill   kFk% |    nhB    nhT    nhE
BASELINE                            0.80905  0.06184  0.05607 | 0.92454 0.87981 0.74436 | 0.04294 0.03375 0.08069 | 0.06754 0.06932 0.04578 | 0.80110 0.72161 0.71474 0.58320 |  1578457      0    0.0 |  9.801  9.884  3.557
-----------------------------------------------------------------------------------------------------------------------------------------------------------------------------------------------------------------------------
X: drop chainT5 nhit10              0.72985  0.05483  0.04584 | 0.83530 0.69641 0.71400 | 0.02725 0.01808 0.07702 | 0.04714 0.04765 0.04477 | 0.60855 0.40402 0.33114 0.22759 |  1408286 230674   12.9 |  9.766  9.845  3.265
T5 nPS<=1                           0.80861  0.06177  0.05600 | 0.92454 0.87738 0.74436 | 0.04294 0.03314 0.08068 | 0.06754 0.06896 0.04577 | 0.80022 0.71709 0.71376 0.58187 |  1576784   2189   12.2 |  9.801  9.883  3.557
T5 nPS<=2                           0.79400  0.06011  0.05130 | 0.90353 0.84573 0.74220 | 0.03796 0.02895 0.08040 | 0.05757 0.06049 0.04545 | 0.76184 0.62412 0.52538 0.37016 |  1531820  61251   20.1 |  9.789  9.838  3.534
T5 nhit10 & nPS<=2                  0.79612  0.06010  0.05129 | 0.90353 0.85752 0.74224 | 0.03796 0.02940 0.08041 | 0.05757 0.06027 0.04546 | 0.76645 0.63317 0.52757 0.37347 |  1536239  55971   21.5 |  9.789  9.877  3.536
T5 nhit10 & inLay>=2                0.79544  0.05905  0.05128 | 0.90353 0.86711 0.73622 | 0.03796 0.03023 0.07865 | 0.05757 0.06138 0.04500 | 0.75965 0.63518 0.52806 0.37115 |  1527448  67742   18.6 |  9.789  9.879  3.446
T5 inLay>=2                         0.79469  0.05889  0.05130 | 0.90353 0.86559 0.73502 | 0.03796 0.03003 0.07845 | 0.05757 0.06137 0.04503 | 0.75768 0.63216 0.52757 0.37016 |  1524934  70987   18.0 |  9.789  9.874  3.425
T5 br3 & nPS<=2                     0.80468  0.06101  0.05162 | 0.92111 0.86635 0.74275 | 0.04105 0.03025 0.08042 | 0.05828 0.06073 0.04546 | 0.78531 0.66382 0.55539 0.37545 |  1545691  43131   25.2 |  9.793  9.857  3.538
T5 br3 & nhit10 & nPS<=2            0.80522  0.06100  0.05164 | 0.92111 0.86939 0.74275 | 0.04105 0.03045 0.08042 | 0.05828 0.06078 0.04547 | 0.78684 0.66734 0.55686 0.37843 |  1548223  40003   26.6 |  9.793  9.878  3.538
T5 nN==2 & nPS<=2                   0.79900  0.06079  0.05274 | 0.90774 0.86277 0.74306 | 0.03959 0.03119 0.08056 | 0.05996 0.06399 0.04568 | 0.77434 0.65226 0.54856 0.39266 |  1547246  42049   21.1 |  9.791  9.877  3.546
-----------------------------------------------------------------------------------------------------------------------------------------------------------------------------------------------------------------------------

DELTAS vs baseline (sorted by fake gain; +eff/-dup/-fake are good)
label                                  d_eff     d_dup    d_fake    d_v510     d_d15    d_effB  kill/evt
X: drop chainT5 nhit10              -0.07919  -0.00702  -0.01024  -0.31759  -0.35561  -0.08924    236.10
T5 nhit10 & inLay>=2                -0.01361  -0.00280  -0.00479  -0.08643  -0.21204  -0.02101     69.34
T5 nhit10 & nPS<=2                  -0.01293  -0.00175  -0.00478  -0.08844  -0.20973  -0.02101     57.29
T5 nPS<=2                           -0.01504  -0.00174  -0.00477  -0.09749  -0.21303  -0.02101     62.69
T5 inLay>=2                         -0.01435  -0.00295  -0.00477  -0.08945  -0.21303  -0.02101     72.66
T5 br3 & nPS<=2                     -0.00436  -0.00083  -0.00446  -0.05779  -0.20774  -0.00344     44.15
T5 br3 & nhit10 & nPS<=2            -0.00382  -0.00084  -0.00443  -0.05427  -0.20476  -0.00344     40.94
T5 nN==2 & nPS<=2                   -0.01004  -0.00105  -0.00333  -0.06935  -0.19054  -0.01680     43.04
T5 nPS<=1                           -0.00043  -0.00007  -0.00008  -0.00452  -0.00132  +0.00000      2.24
