label                                   eff      dup     fake |    effB    effT    effE |    dupB    dupT    dupE |    fakB    fakT    fakE |     v15    v510   v1030     d15 | nTCincut   kill   kFk% |    nhB    nhT    nhE
BASELINE                            0.80905  0.06184  0.05607 | 0.92454 0.87981 0.74436 | 0.04294 0.03375 0.08069 | 0.06754 0.06932 0.04578 | 0.80110 0.72161 0.71474 0.58320 |  1578457      0    0.0 |  9.801  9.884  3.557
-----------------------------------------------------------------------------------------------------------------------------------------------------------------------------------------------------------------------------
X: drop all attachT3                0.77053  0.06375  0.04857 | 0.85863 0.84155 0.72863 | 0.04701 0.03428 0.08059 | 0.05898 0.05901 0.04034 | 0.77697 0.71809 0.71474 0.58320 |  1486644 133407   14.2 | 10.280 10.168  3.494
attachT3 pt>3                       0.80319  0.06184  0.05556 | 0.91693 0.87205 0.74050 | 0.04300 0.03369 0.08064 | 0.06699 0.06871 0.04533 | 0.79342 0.72111 0.71474 0.58320 |  1575369   3088   31.5 |  9.811  9.893  3.554
attachT3 pt>5                       0.80617  0.06182  0.05596 | 0.92142 0.87548 0.74210 | 0.04293 0.03372 0.08065 | 0.06744 0.06925 0.04564 | 0.79539 0.72161 0.71474 0.58320 |  1577803    654   32.4 |  9.802  9.886  3.556
attachT3 pt>8                       0.80745  0.06183  0.05604 | 0.92321 0.87692 0.74292 | 0.04293 0.03375 0.08067 | 0.06751 0.06929 0.04573 | 0.79693 0.72161 0.71474 0.58320 |  1578225    232   30.6 |  9.801  9.885  3.557
attachT3 |eta|>2.0                  0.80455  0.06163  0.05558 | 0.92454 0.87981 0.73301 | 0.04294 0.03375 0.08057 | 0.06754 0.06932 0.04469 | 0.79693 0.72060 0.71474 0.58320 |  1565560  20035    9.2 |  9.801  9.884  3.520
attachT3 |eta|>2.4                  0.80734  0.06189  0.05611 | 0.92454 0.87981 0.74005 | 0.04294 0.03375 0.08084 | 0.06754 0.06932 0.04580 | 0.79890 0.72161 0.71474 0.58320 |  1575252   3947    3.6 |  9.801  9.884  3.548
-----------------------------------------------------------------------------------------------------------------------------------------------------------------------------------------------------------------------------

DELTAS vs baseline (sorted by fake gain; +eff/-dup/-fake are good)
label                                  d_eff     d_dup    d_fake    d_v510     d_d15    d_effB  kill/evt
X: drop all attachT3                -0.03852  +0.00190  -0.00751  -0.00352  +0.00000  -0.06591    444.69
attachT3 pt>3                       -0.00586  -0.00000  -0.00051  -0.00050  +0.00000  -0.00761     10.29
attachT3 |eta|>2.0                  -0.00450  -0.00022  -0.00050  -0.00101  +0.00000  +0.00000     66.78
attachT3 pt>5                       -0.00287  -0.00002  -0.00011  +0.00000  +0.00000  -0.00312      2.18
attachT3 pt>8                       -0.00160  -0.00001  -0.00004  +0.00000  +0.00000  -0.00133      0.77
attachT3 |eta|>2.4                  -0.00171  +0.00004  +0.00004  +0.00000  +0.00000  +0.00000     13.16
