tag                eff     v15    v510   v1030     d15    d510 |    nhB    nhT    nhE |   fake    dup   dupB   dupE |  dupWin   otWin   chTC    ms   ext%
---------------------------------------------------------------------------------------------------------------------------------------------------------
gate_def        0.8017  0.7852  0.7129  0.6961  0.5418  71/285| 10.044  9.986  3.679 | 0.0536 0.0643 0.0157 0.1001 |  0.1093   5.965 301078   267   0.0% FAIL:EFF,V15,V510,V1030,D15,FAKE
my_fl           0.8132  0.8042  0.7287  0.7190  0.5633  71/285|  9.794  9.698  3.417 | 0.0474 0.0571 0.0140 0.0902 |  0.0962   5.603 303191   264   0.0% pass
my_fl2          0.8132  0.8042  0.7287  0.7190  0.5633  71/285|  9.794  9.698  3.417 | 0.0474 0.0571 0.0140 0.0902 |  0.0962   5.603 303191   266   0.0% pass
ex_w010         0.8132  0.8042  0.7287  0.7190  0.5633  71/285|  9.798  9.702  3.421 | 0.0474 0.0571 0.0140 0.0902 |  0.0962   5.607 303191   271   0.3% pass
ex_w025         0.8130  0.8028  0.7287  0.7190  0.5633  71/285|  9.808  9.722  3.427 | 0.0475 0.0571 0.0140 0.0902 |  0.0962   5.619 303191   270   1.3% pass
ex_w050         0.8127  0.8021  0.7287  0.7190  0.5633  71/285|  9.826  9.782  3.439 | 0.0479 0.0570 0.0139 0.0901 |  0.0961   5.643 303191   270   3.3% FAIL:EFF,V15
ex_w100         0.8116  0.7993  0.7271  0.7181  0.5612  71/285|  9.871  9.943  3.463 | 0.0490 0.0568 0.0138 0.0900 |  0.0959   5.695 303191   270   8.2% FAIL:EFF,V15,D15,FAKE
ex_w200         0.8080  0.7943  0.7208  0.7059  0.5536  71/285|  9.978 10.314  3.514 | 0.0523 0.0563 0.0135 0.0895 |  0.0952   5.810 303191   272  19.4% FAIL:EFF,V15,V510,V1030,D15,FAKE
ex_w400         0.8003  0.7837  0.7003  0.6912  0.5451  69/285| 10.203 11.003  3.629 | 0.0605 0.0550 0.0128 0.0885 |  0.0933   6.048 303191   272  41.7% FAIL:EFF,V15,V510,V1030,D15,D510,FAKE
ex_r15_30       0.8123  0.8007  0.7271  0.7173  0.5612  71/285|  9.901  9.855  3.446 | 0.0483 0.0569 0.0138 0.0901 |  0.0960   5.664 303191   272   6.5% FAIL:EFF,V15,D15,FAKE
ex_r25_30       0.8118  0.8007  0.7256  0.7165  0.5612  71/285|  9.920  9.952  3.459 | 0.0488 0.0569 0.0138 0.0900 |  0.0959   5.695 303191   273   9.1% FAIL:EFF,V15,V510,V1030,D15,FAKE
ex_r15_10       0.8129  0.8028  0.7287  0.7198  0.5633  71/285|  9.844  9.769  3.440 | 0.0477 0.0570 0.0139 0.0901 |  0.0961   5.642 303191   269   3.5% pass
ex_r20_08       0.8129  0.8028  0.7287  0.7198  0.5633  71/285|  9.839  9.776  3.441 | 0.0478 0.0570 0.0139 0.0901 |  0.0961   5.645 303191   270   3.6% pass
ex_r25_07       0.8128  0.8028  0.7287  0.7198  0.5633  71/285|  9.836  9.782  3.442 | 0.0478 0.0570 0.0139 0.0901 |  0.0961   5.646 303191   270   3.7% pass
ex_r25_10       0.8126  0.8028  0.7287  0.7198  0.5633  71/285|  9.854  9.818  3.447 | 0.0480 0.0570 0.0139 0.0901 |  0.0961   5.657 303191   272   4.9% FAIL:EFF
ex_r25_10u      0.8128  0.8028  0.7287  0.7198  0.5633  71/285|  9.848  9.803  3.443 | 0.0479 0.0570 0.0139 0.0901 |  0.0961   5.651 303191   270   4.3% pass
ex_u50_25       0.8128  0.8021  0.7287  0.7190  0.5633  71/285|  9.822  9.772  3.437 | 0.0478 0.0570 0.0139 0.0901 |  0.0962   5.639 303191   272   2.9% FAIL:V15
ex_l5_w50       0.8127  0.8021  0.7287  0.7190  0.5633  71/285|  9.826  9.781  3.439 | 0.0479 0.0570 0.0139 0.0901 |  0.0961   5.642 303191   271   3.3% FAIL:EFF,V15
ex_f105_w50     0.8127  0.8021  0.7287  0.7190  0.5633  71/285|  9.826  9.782  3.439 | 0.0479 0.0570 0.0139 0.0901 |  0.0961   5.643 303191   272   3.3% FAIL:EFF,V15
ex_s1_w25r10    0.8130  0.8035  0.7287  0.7198  0.5633  71/285|  9.846  9.793  3.442 | 0.0475 0.0571 0.0140 0.0902 |  0.0962   5.649 303191   264   4.1% pass
ex_s1_w25r20    0.8130  0.8035  0.7287  0.7190  0.5633  71/285|  9.881  9.852  3.448 | 0.0476 0.0571 0.0139 0.0902 |  0.0962   5.667 303191   264   6.1% pass
ex_s1_w25r30    0.8129  0.8028  0.7271  0.7181  0.5622  71/285|  9.902  9.888  3.452 | 0.0477 0.0570 0.0139 0.0902 |  0.0962   5.679 303191   264   7.4% pass
ex_s1_w25r50    0.8129  0.8028  0.7271  0.7181  0.5622  71/285|  9.906  9.906  3.455 | 0.0477 0.0570 0.0139 0.0902 |  0.0962   5.687 303191   264   7.9% pass
ex_s1_w20r30    0.8129  0.8028  0.7287  0.7181  0.5622  71/285|  9.896  9.854  3.447 | 0.0476 0.0570 0.0139 0.0902 |  0.0962   5.667 303191   263   6.4% pass
ex_s1_w30r15    0.8130  0.8028  0.7287  0.7198  0.5633  71/285|  9.871  9.853  3.450 | 0.0476 0.0571 0.0139 0.0902 |  0.0962   5.669 303191   263   6.0% pass
ex_s1_w30r20    0.8129  0.8021  0.7287  0.7190  0.5633  71/285|  9.885  9.882  3.453 | 0.0476 0.0571 0.0139 0.0902 |  0.0962   5.678 303191   264   6.9% FAIL:V15
ex_s1_w35r15    0.8129  0.8021  0.7287  0.7198  0.5633  71/285|  9.873  9.872  3.452 | 0.0476 0.0571 0.0139 0.0902 |  0.0962   5.674 303191   263   6.5% FAIL:V15
ex_s1_w40r20    0.8128  0.8007  0.7287  0.7181  0.5633  71/285|  9.892  9.934  3.461 | 0.0477 0.0571 0.0139 0.0902 |  0.0962   5.696 303191   264   8.3% FAIL:V15
ex_s1_w05r30    0.8124  0.7986  0.7287  0.7173  0.5622  71/285|  9.926 10.045  3.476 | 0.0479 0.0570 0.0139 0.0902 |  0.0962   5.736 303191   265  11.6% FAIL:EFF,V15
ex_s1_w10r50    0.8116  0.7986  0.7271  0.7141  0.5590  71/285| 10.022 10.413  3.552 | 0.0489 0.0569 0.0138 0.0900 |  0.0959   5.896 303191   264  23.4% FAIL:EFF,V15,V1030,D15,FAKE
ex_s1_c05       0.8129  0.8021  0.7271  0.7190  0.5633  71/285|  9.871  9.876  3.456 | 0.0476 0.0571 0.0139 0.0902 |  0.0962   5.679 303191   264  11.6% FAIL:V15
ex_s1_c20       0.8125  0.7993  0.7271  0.7173  0.5622  71/285|  9.925 10.001  3.467 | 0.0478 0.0570 0.0139 0.0902 |  0.0962   5.713 303191   264  11.4% FAIL:EFF,V15
ex_s3_w25r10    0.8125  0.8028  0.7287  0.7165  0.5504  67/285|  9.952  9.825  3.447 | 0.0480 0.0570 0.0136 0.0902 |  0.0962   5.661 303191   266   7.6% FAIL:EFF,V1030,D15,D510
ex_s1_lbt       0.8128  0.8035  0.7287  0.7198  0.5622  72/285|  9.875  9.836  3.470 | 0.0476 0.0566 0.0138 0.0896 |  0.0953   5.693 303017   264   3.7% pass
ex_st_w25r20    0.8128  0.8035  0.7287  0.7190  0.5622  72/285|  9.904  9.895  3.476 | 0.0476 0.0566 0.0138 0.0896 |  0.0953   5.710 303017   264   5.6% pass
ex_st_w25r30    0.8126  0.8028  0.7271  0.7181  0.5612  72/285|  9.923  9.930  3.479 | 0.0477 0.0566 0.0138 0.0896 |  0.0953   5.722 303017   264   6.8% FAIL:EFF,D15
ex_st_w20r30    0.8127  0.8028  0.7287  0.7181  0.5612  72/285|  9.918  9.897  3.475 | 0.0476 0.0566 0.0138 0.0896 |  0.0953   5.711 303017   264   5.9% FAIL:D15
---------------------------------------------------------------------------------------------------------------------------------------------------------
LST TARGET      0.8136       -       -       -       -   -/-  | 10.151 10.010  3.559 |      - 0.0513
