events in common: 977
slice                          nSim      LST        r_W_X4  d(LST)    lost    gain     r_W_M4D16  d(LST)    lost    gain      r_W_MR10  d(LST)    lost    gain r_W977_S10C37  d(LST)    lost    gain    r_W_RPSA55  d(LST)    lost    gain
------------------------------------------------------------------------------------------------------------------------------------------------------------------------------------------------------------------------------------------
maxd>=1  (DISP1)              16369     7782          8512    +730     377    1107          8557    +775     366    1141          8457    +675     404    1079          8517    +735     370    1105          8512    +730     377    1107
maxd>=5  (DISP5)              11809     4238          4859    +621     280     901          4901    +663     269     932          4808    +570     304     874          4861    +623     278     901          4859    +621     280     901
maxd>=10 (DISP10)              9819     2956          3423    +467     236     703          3460    +504     227     731          3378    +422     258     680          3423    +467     236     703          3423    +467     236     703
maxd>=30 (DISP30)              5721      392           494    +102     110     212           512    +120     104     224           484     +92     113     205           494    +102     110     212           494    +102     110     212
vxy [30,60)                    1545      392           494    +102     110     212           512    +120     104     224           484     +92     113     205           494    +102     110     212           494    +102     110     212
vxy >=30                       5721      392           494    +102     110     212           512    +120     104     224           484     +92     113     205           494    +102     110     212           494    +102     110     212
vxy [10,30)                    4098     2564          2929    +365     126     491          2948    +384     123     507          2894    +330     145     475          2929    +365     126     491          2929    +365     126     491
dxy [10,30)                    1555       84            49     -35      43       8            53     -31      40       9            48     -36      44       8            49     -35      43       8            49     -35      43       8
dxy [5,10)                      991      227           243     +16      48      64           258     +31      46      77           235      +8      53      61           243     +16      48      64           243     +16      48      64
PROMPT vxy<1 & |dxy|<1        68579    57802         57705     -97     763     666         57696    -106     773     667         57727     -75     744     669         57744     -58     725     667         57691    -111     775     664
