chain pairs sharing >=1 OT hit: shared hits x shared LAYERS
nhit   nLaySh          DUP     COLLAT   purity
1      3                 1         28    0.034
1      4                11        403    0.027
1      5                28       1594    0.017
1      6                11       1706    0.006
1      7                 1        353    0.003
1      8                 0         20    0.000
2      3                67         86    0.438
2      4               417       1198    0.258
2      5               564       3142    0.152
2      6               188       2740    0.064
2      7                19        629    0.029
2      8                 0         72    0.000
3      3                10          2    0.833
3      4               149        127    0.540
3      5               448        454    0.497
3      6               179        186    0.490
3      7                19         42    0.311
4      6                 5          7    0.417
4      7                 6          9    0.400
4      8                 8          4    0.667

chain pairs: shared hits x shared-layer FRACTION of the shorter chain
nhit   layFrac         DUP     COLLAT   purity
1      <=0.5             0          1    0.000
1      <=0.75            1         37    0.026
1      >0.75            51       4067    0.012
2      <=0.5             1          0    1.000
2      <=0.75           72         95    0.431
2      >0.75          1184       7772    0.132
3      <=0.75           15          3    0.833
3      >0.75           791        808    0.495
4      >0.75            21         20    0.512

layFrac           DUP     COLLAT   purity
<=0.5               1          1    0.500
<=0.75             88        135    0.395
>0.75            2047      12667    0.139
