SEEDLESS-CHAIN ADMISSION BRANCH ANATOMY  (per event, 977 events)
br: 0=4lay IP  1=4lay EXEMPT  2=5lay IP  3=5lay EXEMPT
band br        nTC      fake fakefrac       dup true_disp   SOLEdisp  true_prm SOLEprompt
B    0        0.04      0.00    0.000      0.00      0.00       0.00      0.04       0.04
B    1       10.29      6.94    0.674      0.19      0.34       0.33      3.01       2.83
B    2       53.20      2.84    0.053      4.48      0.01       0.01     50.36      45.87
B    3       48.44     12.58    0.260      2.77      1.69       1.69     34.17      31.40
T    0        1.75      0.03    0.020      0.06      0.00       0.00      1.72       1.65
T    1        1.07      0.45    0.422      0.05      0.05       0.05      0.57       0.52
T    2       27.25      1.50    0.055      1.39      0.04       0.03     25.71      24.33
T    3       50.51      8.69    0.172      2.23      0.75       0.74     41.07      38.84
E    0        6.68      0.05    0.008      0.13      0.00       0.00      6.63       6.50
E    1        6.71      1.25    0.187      0.67      0.16       0.16      5.30       4.63
E    2       14.04      0.33    0.024      1.47      0.03       0.03     13.67      12.20
E    3       34.40      2.95    0.086      3.13      0.77       0.76     30.67      27.55
