label                                   eff      dup     fake |    effB    effT    effE |    dupB    dupT    dupE |    fakB    fakT    fakE |     v15    v510   v1030     d15 | nTCincut   kill   kFk% |    nhB    nhT    nhE
CHAINFINAL 977 (validation)         0.80978  0.05246  0.04939 | 0.92581 0.88019 0.74480 | 0.03056 0.02793 0.07184 | 0.05507 0.05998 0.04310 | 0.80110 0.72060 0.71205 0.58154 |  1562989      0    0.0 |  9.926  9.997  3.570
C1 B   drop barePLS w/ chain partner  0.80978  0.04514  0.04958 | 0.92581 0.88019 0.74480 | 0.00554 0.02777 0.07184 | 0.05579 0.05998 0.04310 | 0.80110 0.72060 0.71205 0.58154 |  1557050   7173    0.0 | 10.055  9.997  3.570
C1 T   drop barePLS w/ chain partner  0.80978  0.04958  0.04946 | 0.92581 0.88019 0.74480 | 0.03030 0.01043 0.07176 | 0.05507 0.06053 0.04310 | 0.80110 0.72060 0.71205 0.58154 |  1560672   3055    0.0 |  9.926 10.089  3.570
C1 E   drop barePLS w/ chain partner  0.80978  0.04813  0.04950 | 0.92581 0.88019 0.74480 | 0.03056 0.02755 0.06400 | 0.05507 0.05998 0.04328 | 0.80110 0.72060 0.71205 0.58154 |  1559593   4318    0.0 |  9.926  9.997  3.584
C1 BT  drop barePLS w/ chain partner  0.80978  0.04223  0.04965 | 0.92581 0.88019 0.74480 | 0.00528 0.01027 0.07176 | 0.05579 0.06053 0.04310 | 0.80110 0.72060 0.71205 0.58154 |  1554733  10228    0.0 | 10.055 10.089  3.570
C1 ALL drop barePLS w/ chain partner  0.80978  0.03785  0.04976 | 0.92581 0.88019 0.74480 | 0.00528 0.00989 0.06392 | 0.05579 0.06053 0.04328 | 0.80110 0.72060 0.71205 0.58154 |  1551337  14546    0.0 | 10.055 10.089  3.584
C1b B  drop chainTC w/ barePLS ptn  0.80978  0.04503  0.04958 | 0.92581 0.88019 0.74480 | 0.00535 0.02741 0.07184 | 0.05578 0.05998 0.04310 | 0.80110 0.72060 0.71205 0.58154 |  1557123   7290    0.0 |  9.912  9.997  3.570
C1b T  drop chainTC w/ barePLS ptn  0.80978  0.04965  0.04946 | 0.92581 0.88019 0.74480 | 0.03046 0.01070 0.07175 | 0.05507 0.06052 0.04310 | 0.80110 0.72060 0.71205 0.58154 |  1560728   2935    0.0 |  9.926  9.990  3.570
C2 B   drop seedless chain w/ t7 ptn  0.80978  0.05143  0.04942 | 0.92581 0.88019 0.74480 | 0.02708 0.02790 0.07184 | 0.05517 0.05998 0.04310 | 0.80110 0.72060 0.71205 0.58154 |  1562189    942    0.0 |  9.925  9.997  3.570
C2 T   drop seedless chain w/ t7 ptn  0.80978  0.05146  0.04942 | 0.92581 0.88019 0.74480 | 0.03052 0.02172 0.07184 | 0.05507 0.06016 0.04310 | 0.80110 0.72060 0.71205 0.58154 |  1562211    854    0.0 |  9.926  9.996  3.570
C2 E   drop seedless chain w/ t7 ptn  0.80978  0.05115  0.04942 | 0.92581 0.88019 0.74480 | 0.03056 0.02792 0.06945 | 0.05507 0.05998 0.04316 | 0.80110 0.72060 0.71205 0.58154 |  1561950   1154    0.0 |  9.926  9.997  3.562
C2 BT  drop seedless chain w/ t7 ptn  0.80978  0.05044  0.04944 | 0.92581 0.88019 0.74480 | 0.02704 0.02170 0.07184 | 0.05517 0.06016 0.04310 | 0.80110 0.72060 0.71205 0.58154 |  1561411   1796    0.0 |  9.925  9.996  3.570
C3 BT  drop seedless chain w/ pT3 ptn  0.80978  0.05217  0.04940 | 0.92581 0.88019 0.74480 | 0.03006 0.02703 0.07184 | 0.05509 0.06000 0.04310 | 0.80110 0.72060 0.71205 0.58154 |  1562762    333    0.0 |  9.926  9.997  3.570
C4 B   drop FAKE seedless chain     0.80978  0.05321  0.03592 | 0.92581 0.88019 0.74480 | 0.03206 0.02793 0.07184 | 0.00854 0.05998 0.04310 | 0.80110 0.72060 0.71205 0.58154 |  1541150  25989  100.0 |  9.941  9.997  3.570
C4 T   drop FAKE seedless chain     0.80978  0.05281  0.04300 | 0.92581 0.88019 0.74480 | 0.03056 0.02913 0.07184 | 0.05507 0.01944 0.04310 | 0.80110 0.72060 0.71205 0.58154 |  1552558  13137  100.0 |  9.926  9.984  3.570
C4 BT  drop FAKE seedless chain     0.80978  0.05357  0.02935 | 0.92581 0.88019 0.74480 | 0.03206 0.02913 0.07184 | 0.00854 0.01944 0.04310 | 0.80110 0.72060 0.71205 0.58154 |  1530719  39126  100.0 |  9.941  9.984  3.570
C4 E   drop FAKE seedless chain     0.80978  0.05261  0.04665 | 0.92581 0.88019 0.74480 | 0.03056 0.02793 0.07223 | 0.05507 0.05998 0.03800 | 0.80110 0.72060 0.71205 0.58154 |  1558501   5800  100.0 |  9.926  9.997  3.536
C4br0 BT drop FAKE seedless br=0    0.80978  0.05246  0.04937 | 0.92581 0.88019 0.74480 | 0.03056 0.02793 0.07184 | 0.05507 0.05985 0.04310 | 0.80110 0.72060 0.71205 0.58154 |  1562955     45  100.0 |  9.926  9.997  3.570
C4br1 BT drop FAKE seedless br=1    0.80978  0.05271  0.04498 | 0.92581 0.88019 0.74480 | 0.03101 0.02797 0.07184 | 0.04110 0.05834 0.04310 | 0.80110 0.72060 0.71205 0.58154 |  1555768   8218  100.0 |  9.955 10.000  3.570
C4br2 BT drop FAKE seedless br=2    0.80978  0.05260  0.04681 | 0.92581 0.88019 0.74480 | 0.03074 0.02809 0.07184 | 0.04942 0.05449 0.04310 | 0.80110 0.72060 0.71205 0.58154 |  1558755   5169  100.0 |  9.923  9.993  3.570
C4br3 BT drop FAKE seedless br=3    0.80978  0.05317  0.03658 | 0.92581 0.88019 0.74480 | 0.03139 0.02890 0.07184 | 0.02945 0.02723 0.04310 | 0.80110 0.72060 0.71205 0.58154 |  1542208  25694  100.0 |  9.916  9.984  3.570
C5 BT  drop FAKE barePLS            0.80978  0.05255  0.04784 | 0.92581 0.88019 0.74480 | 0.03062 0.02810 0.07184 | 0.05314 0.05399 0.04310 | 0.80110 0.72060 0.71205 0.58154 |  1560441   3501  100.0 |  9.947 10.060  3.570
C6 BT  drop FAKE pT3-class          0.80978  0.05253  0.04808 | 0.92581 0.88019 0.74480 | 0.03063 0.02805 0.07184 | 0.05296 0.05579 0.04310 | 0.80110 0.72060 0.71205 0.58154 |  1560831   2773  100.0 |  9.935 10.014  3.570
C7 BT  drop FAKE seeded(t7)         0.80978  0.05259  0.04708 | 0.92581 0.88019 0.74480 | 0.03068 0.02815 0.07184 | 0.05141 0.05251 0.04310 | 0.80110 0.72060 0.71205 0.58154 |  1559203   4278  100.0 |  9.922  9.990  3.570
C8 BT  drop FAKE T4chain            0.80978  0.05271  0.04496 | 0.92581 0.88019 0.74480 | 0.03101 0.02798 0.07184 | 0.04111 0.05823 0.04310 | 0.80110 0.72060 0.71205 0.58154 |  1555743   8253  100.0 |  9.955 10.000  3.570
C9 BT  C1 + C2 (both dup cells)     0.80978  0.04018  0.04970 | 0.92581 0.88019 0.74480 | 0.00167 0.00393 0.07176 | 0.05588 0.06072 0.04310 | 0.80110 0.72060 0.71205 0.58154 |  1553155  12024    0.0 | 10.054 10.089  3.570
C10 BT C9 + C4 (dup + fake ceiling)  0.80978  0.04104  0.02954 | 0.92581 0.88019 0.74480 | 0.00176 0.00410 0.07176 | 0.00867 0.01970 0.04310 | 0.80110 0.72060 0.71205 0.58154 |  1520885  51150   76.5 | 10.076 10.080  3.570

DELTAS vs CHAINFINAL
label                                     d_eff    d_dup   d_fake |   d_dupB   d_dupT   d_dupE |   d_fakB   d_fakT   d_fakE |   d_v15  d_v510 d_v1030   d_d15 |   d_nhB
C1 B   drop barePLS w/ chain partner   +0.00000 -0.00732 +0.00019 | -0.02502 -0.00015 +0.00000 | +0.00071 +0.00000 +0.00000 | +0.0000 +0.0000 +0.0000 +0.0000 |  +0.128
C1 T   drop barePLS w/ chain partner   +0.00000 -0.00289 +0.00007 | -0.00026 -0.01750 -0.00008 | +0.00000 +0.00056 +0.00000 | +0.0000 +0.0000 +0.0000 +0.0000 |  +0.000
C1 E   drop barePLS w/ chain partner   +0.00000 -0.00434 +0.00011 | +0.00000 -0.00038 -0.00784 | +0.00000 +0.00000 +0.00017 | +0.0000 +0.0000 +0.0000 +0.0000 |  +0.000
C1 BT  drop barePLS w/ chain partner   +0.00000 -0.01023 +0.00026 | -0.02528 -0.01766 -0.00008 | +0.00071 +0.00056 +0.00000 | +0.0000 +0.0000 +0.0000 +0.0000 |  +0.128
C1 ALL drop barePLS w/ chain partner   +0.00000 -0.01461 +0.00037 | -0.02528 -0.01804 -0.00792 | +0.00071 +0.00056 +0.00017 | +0.0000 +0.0000 +0.0000 +0.0000 |  +0.128
C1b B  drop chainTC w/ barePLS ptn     +0.00000 -0.00744 +0.00019 | -0.02520 -0.00051 +0.00000 | +0.00070 +0.00000 +0.00000 | +0.0000 +0.0000 +0.0000 +0.0000 |  -0.014
C1b T  drop chainTC w/ barePLS ptn     +0.00000 -0.00281 +0.00007 | -0.00010 -0.01723 -0.00010 | +0.00000 +0.00054 +0.00000 | +0.0000 +0.0000 +0.0000 +0.0000 |  +0.000
C2 B   drop seedless chain w/ t7 ptn   +0.00000 -0.00103 +0.00003 | -0.00348 -0.00003 +0.00000 | +0.00009 +0.00000 +0.00000 | +0.0000 +0.0000 +0.0000 +0.0000 |  -0.001
C2 T   drop seedless chain w/ t7 ptn   +0.00000 -0.00100 +0.00002 | -0.00004 -0.00620 +0.00000 | +0.00000 +0.00019 +0.00000 | +0.0000 +0.0000 +0.0000 +0.0000 |  +0.000
C2 E   drop seedless chain w/ t7 ptn   +0.00000 -0.00131 +0.00003 | +0.00000 -0.00001 -0.00239 | +0.00000 +0.00000 +0.00005 | +0.0000 +0.0000 +0.0000 +0.0000 |  +0.000
C2 BT  drop seedless chain w/ t7 ptn   +0.00000 -0.00203 +0.00005 | -0.00352 -0.00623 +0.00000 | +0.00009 +0.00019 +0.00000 | +0.0000 +0.0000 +0.0000 +0.0000 |  -0.001
C3 BT  drop seedless chain w/ pT3 ptn  +0.00000 -0.00029 +0.00001 | -0.00049 -0.00089 -0.00000 | +0.00001 +0.00003 +0.00000 | +0.0000 +0.0000 +0.0000 +0.0000 |  -0.000
C4 B   drop FAKE seedless chain        +0.00000 +0.00074 -0.01347 | +0.00150 +0.00000 +0.00000 | -0.04653 +0.00000 +0.00000 | +0.0000 +0.0000 +0.0000 +0.0000 |  +0.015
C4 T   drop FAKE seedless chain        +0.00000 +0.00035 -0.00639 | +0.00000 +0.00120 +0.00000 | +0.00000 -0.04053 +0.00000 | +0.0000 +0.0000 +0.0000 +0.0000 |  +0.000
C4 BT  drop FAKE seedless chain        +0.00000 +0.00111 -0.02004 | +0.00150 +0.00120 +0.00000 | -0.04653 -0.04053 +0.00000 | +0.0000 +0.0000 +0.0000 +0.0000 |  +0.015
C4 E   drop FAKE seedless chain        +0.00000 +0.00015 -0.00274 | +0.00000 +0.00000 +0.00038 | +0.00000 +0.00000 -0.00511 | +0.0000 +0.0000 +0.0000 +0.0000 |  +0.000
C4br0 BT drop FAKE seedless br=0       +0.00000 +0.00000 -0.00002 | +0.00000 +0.00000 +0.00000 | +0.00000 -0.00013 +0.00000 | +0.0000 +0.0000 +0.0000 +0.0000 |  +0.000
C4br1 BT drop FAKE seedless br=1       +0.00000 +0.00024 -0.00441 | +0.00045 +0.00005 +0.00000 | -0.01398 -0.00164 +0.00000 | +0.0000 +0.0000 +0.0000 +0.0000 |  +0.028
C4br2 BT drop FAKE seedless br=2       +0.00000 +0.00014 -0.00258 | +0.00018 +0.00016 +0.00000 | -0.00566 -0.00549 +0.00000 | +0.0000 +0.0000 +0.0000 +0.0000 |  -0.003
C4br3 BT drop FAKE seedless br=3       +0.00000 +0.00071 -0.01281 | +0.00083 +0.00097 +0.00000 | -0.02563 -0.03274 +0.00000 | +0.0000 +0.0000 +0.0000 +0.0000 |  -0.011
C5 BT  drop FAKE barePLS               +0.00000 +0.00009 -0.00155 | +0.00006 +0.00018 +0.00000 | -0.00194 -0.00598 +0.00000 | +0.0000 +0.0000 +0.0000 +0.0000 |  +0.020
C6 BT  drop FAKE pT3-class             +0.00000 +0.00007 -0.00131 | +0.00007 +0.00012 +0.00000 | -0.00211 -0.00419 +0.00000 | +0.0000 +0.0000 +0.0000 +0.0000 |  +0.009
C7 BT  drop FAKE seeded(t7)            +0.00000 +0.00013 -0.00231 | +0.00012 +0.00022 +0.00000 | -0.00366 -0.00747 +0.00000 | +0.0000 +0.0000 +0.0000 +0.0000 |  -0.004
C8 BT  drop FAKE T4chain               +0.00000 +0.00024 -0.00443 | +0.00045 +0.00005 +0.00000 | -0.01397 -0.00175 +0.00000 | +0.0000 +0.0000 +0.0000 +0.0000 |  +0.028
C9 BT  C1 + C2 (both dup cells)        +0.00000 -0.01228 +0.00031 | -0.02888 -0.02400 -0.00008 | +0.00081 +0.00074 +0.00000 | +0.0000 +0.0000 +0.0000 +0.0000 |  +0.128
C10 BT C9 + C4 (dup + fake ceiling)    +0.00000 -0.01143 -0.01985 | -0.02880 -0.02383 -0.00008 | -0.04640 -0.04028 +0.00000 | +0.0000 +0.0000 +0.0000 +0.0000 |  +0.149
