label                                   eff      dup     fake |    effB    effT    effE |    dupB    dupT    dupE |    fakB    fakT    fakE |     v15    v510   v1030     d15 | nTCincut   kill   kFk% |    nhB    nhT    nhE
CHAINFINAL 977                      0.80978  0.05246  0.04939 | 0.92581 0.88019 0.74480 | 0.03056 0.02793 0.07184 | 0.05507 0.05998 0.04310 | 0.80110 0.72060 0.71205 0.58154 |  1562989      0    0.0 |  9.926  9.997  3.570
R B br1 wholesale                   0.80957  0.05257  0.04534 | 0.92528 0.88019 0.74480 | 0.03045 0.02792 0.07184 | 0.04139 0.05998 0.04310 | 0.79846 0.71357 0.68863 0.53225 |  1552933  12100   64.0 |  9.969  9.997  3.570
R B br3 wholesale                   0.80352  0.05056  0.04283 | 0.91030 0.87867 0.74480 | 0.02133 0.02766 0.07184 | 0.03191 0.05998 0.04310 | 0.76272 0.58492 0.29453 0.14588 |  1515663  59879   24.8 |  9.846  9.997  3.570
R T br1 wholesale                   0.80967  0.05243  0.04914 | 0.92581 0.87958 0.74480 | 0.03056 0.02766 0.07184 | 0.05507 0.05848 0.04310 | 0.80000 0.72010 0.70791 0.57757 |  1561948   1340   35.7 |  9.926 10.004  3.570
R T br3 wholesale                   0.79675  0.05140  0.04539 | 0.92444 0.81059 0.74456 | 0.03048 0.01443 0.07179 | 0.05507 0.03271 0.04310 | 0.76469 0.62764 0.63763 0.51935 |  1513640  67632   16.0 |  9.926  9.824  3.570
R BT br1 wholesale                  0.80947  0.05255  0.04509 | 0.92528 0.87958 0.74480 | 0.03045 0.02765 0.07184 | 0.04139 0.05848 0.04310 | 0.79737 0.71307 0.68448 0.52828 |  1551892  13440   61.1 |  9.969 10.004  3.570
R BT br3 wholesale                  0.79049  0.04940  0.03848 | 0.90893 0.80907 0.74456 | 0.02126 0.01412 0.07179 | 0.03191 0.03271 0.04310 | 0.72632 0.49196 0.22011 0.08369 |  1466314 127511   20.2 |  9.846  9.824  3.570
F B br1 & dca>2                     0.80972  0.05258  0.04725 | 0.92567 0.88019 0.74480 | 0.03067 0.02793 0.07184 | 0.04788 0.05998 0.04310 | 0.80066 0.71960 0.69985 0.54813 |  1557261   6954   62.4 |  9.950  9.997  3.570
F B br1 & dca>5                     0.80978  0.05253  0.04850 | 0.92581 0.88019 0.74480 | 0.03067 0.02793 0.07184 | 0.05211 0.05998 0.04310 | 0.80110 0.72060 0.70791 0.58022 |  1560440   3173   59.8 |  9.937  9.997  3.570
F B br1 & dca>10                    0.80978  0.05249  0.04912 | 0.92581 0.88019 0.74480 | 0.03061 0.02793 0.07184 | 0.05416 0.05998 0.04310 | 0.80110 0.72060 0.71083 0.58088 |  1562201   1075   59.8 |  9.930  9.997  3.570
F B br1 & dca>20                    0.80978  0.05246  0.04939 | 0.92581 0.88019 0.74480 | 0.03056 0.02793 0.07184 | 0.05508 0.05998 0.04310 | 0.80110 0.72060 0.71205 0.58154 |  1562980     14   14.3 |  9.926  9.997  3.570
F B br1 & nPS<=0                    0.80978  0.05246  0.04939 | 0.92581 0.88019 0.74480 | 0.03056 0.02793 0.07184 | 0.05507 0.05998 0.04310 | 0.80110 0.72060 0.71205 0.58154 |  1562989      0    0.0 |  9.926  9.997  3.570
F B br1 & nPS<=1                    0.80971  0.05253  0.04768 | 0.92563 0.88019 0.74480 | 0.03056 0.02793 0.07184 | 0.04935 0.05998 0.04310 | 0.80044 0.72010 0.70376 0.54648 |  1558064   5754   58.4 |  9.947  9.997  3.570
F B br1 & nPS<=2                    0.80968  0.05259  0.04674 | 0.92556 0.88019 0.74480 | 0.03065 0.02793 0.07184 | 0.04615 0.05998 0.04310 | 0.80044 0.71960 0.70132 0.54383 |  1556122   8016   63.3 |  9.955  9.997  3.570
F B br1 & mdMax>0.5                 0.80974  0.05245  0.04911 | 0.92570 0.88019 0.74480 | 0.03046 0.02793 0.07184 | 0.05414 0.05998 0.04310 | 0.80022 0.71809 0.70547 0.56236 |  1561856   1247   41.5 |  9.931  9.997  3.570
F B br1 & mdMax>1.0                 0.80976  0.05246  0.04930 | 0.92577 0.88019 0.74480 | 0.03052 0.02793 0.07184 | 0.05477 0.05998 0.04310 | 0.80022 0.71859 0.70815 0.57029 |  1562543    464   36.6 |  9.928  9.997  3.570
F B br1 & mdMax>2.0                 0.80978  0.05246  0.04939 | 0.92581 0.88019 0.74480 | 0.03056 0.02793 0.07184 | 0.05506 0.05998 0.04310 | 0.80110 0.72010 0.71157 0.58088 |  1562959     30   20.0 |  9.926  9.997  3.570
F B br3 & dca>5                     0.80961  0.05242  0.04862 | 0.92539 0.88019 0.74480 | 0.03022 0.02793 0.07184 | 0.05250 0.05998 0.04310 | 0.80066 0.71859 0.67936 0.57592 |  1558726   5787   32.4 |  9.924  9.997  3.570
F B br3 & dca>10                    0.80970  0.05240  0.04927 | 0.92560 0.88019 0.74480 | 0.03032 0.02793 0.07184 | 0.05467 0.05998 0.04310 | 0.80110 0.72060 0.70742 0.58121 |  1562328    902   34.4 |  9.926  9.997  3.570
F B br3 & dca>20                    0.80972  0.05244  0.04938 | 0.92567 0.88019 0.74480 | 0.03049 0.02793 0.07184 | 0.05502 0.05998 0.04310 | 0.80110 0.72060 0.71205 0.58154 |  1562932     63   50.8 |  9.926  9.997  3.570
F B br3 & nPS<=0                    0.80978  0.05246  0.04939 | 0.92581 0.88019 0.74480 | 0.03056 0.02793 0.07184 | 0.05507 0.05998 0.04310 | 0.80110 0.72060 0.71205 0.58154 |  1562989      0    0.0 |  9.926  9.997  3.570
F B br3 & nPS<=1                    0.80978  0.05246  0.04939 | 0.92581 0.88019 0.74480 | 0.03056 0.02793 0.07184 | 0.05507 0.05998 0.04310 | 0.80110 0.72060 0.71205 0.58154 |  1562989      0    0.0 |  9.926  9.997  3.570

DELTAS vs CHAINFINAL
label                           d_eff   d_fake   d_fakB   d_fakT    d_dup   d_dupB   d_v510    d_d15    kill    kFk%
R B br1 wholesale            -0.00020 -0.00405 -0.01368 +0.00000 +0.00011 -0.00010 -0.00704 -0.04929   12100    64.0
R B br3 wholesale            -0.00626 -0.00656 -0.02316 +0.00000 -0.00191 -0.00923 -0.13568 -0.43566   59879    24.8
R T br1 wholesale            -0.00011 -0.00025 +0.00000 -0.00150 -0.00003 +0.00000 -0.00050 -0.00397    1340    35.7
R T br3 wholesale            -0.01302 -0.00400 +0.00000 -0.02726 -0.00107 -0.00007 -0.09296 -0.06219   67632    16.0
R BT br1 wholesale           -0.00031 -0.00430 -0.01368 -0.00150 +0.00008 -0.00010 -0.00754 -0.05326   13440    61.1
R BT br3 wholesale           -0.01929 -0.01092 -0.02316 -0.02726 -0.00306 -0.00930 -0.22864 -0.49785  127511    20.2
F B br1 & dca>2              -0.00005 -0.00214 -0.00719 +0.00000 +0.00011 +0.00011 -0.00101 -0.03341    6954    62.4
F B br1 & dca>5              +0.00000 -0.00089 -0.00296 +0.00000 +0.00007 +0.00011 +0.00000 -0.00132    3173    59.8
F B br1 & dca>10             +0.00000 -0.00027 -0.00091 +0.00000 +0.00003 +0.00005 +0.00000 -0.00066    1075    59.8
F B br1 & dca>20             +0.00000 +0.00000 +0.00000 +0.00000 +0.00000 +0.00000 +0.00000 +0.00000      14    14.3
F B br1 & nPS<=0             +0.00000 +0.00000 +0.00000 +0.00000 +0.00000 +0.00000 +0.00000 +0.00000       0     0.0
F B br1 & nPS<=1             -0.00007 -0.00171 -0.00573 +0.00000 +0.00007 +0.00000 -0.00050 -0.03506    5754    58.4
F B br1 & nPS<=2             -0.00009 -0.00265 -0.00893 +0.00000 +0.00012 +0.00009 -0.00101 -0.03771    8016    63.3
F B br1 & mdMax>0.5          -0.00004 -0.00028 -0.00093 +0.00000 -0.00001 -0.00009 -0.00251 -0.01919    1247    41.5
F B br1 & mdMax>1.0          -0.00001 -0.00009 -0.00031 +0.00000 -0.00000 -0.00004 -0.00201 -0.01125     464    36.6
F B br1 & mdMax>2.0          +0.00000 -0.00000 -0.00001 +0.00000 +0.00000 +0.00000 -0.00050 -0.00066      30    20.0
F B br3 & dca>5              -0.00016 -0.00078 -0.00257 +0.00000 -0.00004 -0.00033 -0.00201 -0.00562    5787    32.4
F B br3 & dca>10             -0.00008 -0.00012 -0.00040 +0.00000 -0.00006 -0.00023 +0.00000 -0.00033     902    34.4
F B br3 & dca>20             -0.00005 -0.00002 -0.00005 +0.00000 -0.00002 -0.00006 +0.00000 +0.00000      63    50.8
F B br3 & nPS<=0             +0.00000 +0.00000 +0.00000 +0.00000 +0.00000 +0.00000 +0.00000 +0.00000       0     0.0
F B br3 & nPS<=1             +0.00000 +0.00000 +0.00000 +0.00000 +0.00000 +0.00000 +0.00000 +0.00000       0     0.0
