events = 300

=== UNIVERSE (post-deletion bare seeds), per event ===
group              class                    N  consumed  RPSblock  XCretire   SURVIVE
BARREL |eta|<1.1   A_seedlessCover      37.65      0.97     15.27     13.74      7.68
BARREL |eta|<1.1   A_otherCover        256.81    244.86     11.85      0.04      0.06
BARREL |eta|<1.1   B_noCover            45.50      2.59      0.90      1.67     40.33
BARREL |eta|<1.1   C_noTruth             2.99      0.60      0.46      0.63      1.29
TRANS 1.1-1.7      A_seedlessCover      21.09      0.72      8.55      8.58      3.24
TRANS 1.1-1.7      A_otherCover         95.28     70.53     24.60      0.06      0.10
TRANS 1.1-1.7      B_noCover            22.75      1.43      1.37      0.79     19.16
TRANS 1.1-1.7      C_noTruth             3.62      0.41      0.57      0.54      2.10
ENDCAP >1.7        A_seedlessCover      30.35      0.46     15.44     10.12      4.33
ENDCAP >1.7        A_otherCover        233.56     44.25    185.45      3.16      0.69
ENDCAP >1.7        B_noCover           774.34      0.93      5.93      1.64    765.83
ENDCAP >1.7        C_noTruth            45.16      0.82      4.87      2.54     36.93

=== FRONTIER  var=bestChainLogit(-RPSA)  (fate=SURVIVE only), per event ===
group                 thr   A_seedl   A_other   B_noCov   C_noTru       A/B dupTCgain  d_eff_est
BARREL |eta|<1.1     -2.0     7.677     0.060    40.330     1.290      0.19    15.473   -0.01896
BARREL |eta|<1.1     -1.5     7.663     0.060    37.717     1.230      0.20    15.447   -0.01773
BARREL |eta|<1.1     -1.0     7.637     0.057    33.983     1.130      0.23    15.387   -0.01598
BARREL |eta|<1.1     -0.5     7.597     0.047    28.443     1.033      0.27    15.287   -0.01337
BARREL |eta|<1.1      0.0     7.530     0.040    21.670     0.860      0.35    15.140   -0.01019
BARREL |eta|<1.1      0.5     7.390     0.037    15.533     0.570      0.48    14.853   -0.00730
BARREL |eta|<1.1      1.0     7.117     0.037    10.967     0.337      0.65    14.307   -0.00516
BARREL |eta|<1.1      1.5     6.677     0.037     7.677     0.217      0.87    13.427   -0.00361
BARREL |eta|<1.1      2.0     5.980     0.033     5.403     0.157      1.11    12.027   -0.00254
BARREL |eta|<1.1      2.5     5.210     0.030     3.697     0.120      1.42    10.480   -0.00174
BARREL |eta|<1.1      3.0     4.280     0.027     2.357     0.087      1.83     8.613   -0.00111
BARREL |eta|<1.1      3.5     3.090     0.027     1.310     0.067      2.38     6.233   -0.00062
BARREL |eta|<1.1      4.0     1.363     0.023     0.520     0.027      2.67     2.773   -0.00024
BARREL |eta|<1.1      4.5     1.120     0.017     0.293     0.017      3.88     2.273   -0.00014
BARREL |eta|<1.1      5.0     0.743     0.010     0.137     0.013      5.51     1.507   -0.00006
TRANS 1.1-1.7        -2.0     3.237     0.097    19.157     2.097      0.17     6.667   -0.00990
TRANS 1.1-1.7        -1.5     3.233     0.097    18.463     1.913      0.18     6.660   -0.00954
TRANS 1.1-1.7        -1.0     3.227     0.093    17.417     1.703      0.19     6.640   -0.00900
TRANS 1.1-1.7        -0.5     3.200     0.090    15.617     1.450      0.21     6.580   -0.00807
TRANS 1.1-1.7         0.0     3.180     0.090    13.113     1.110      0.25     6.540   -0.00678
TRANS 1.1-1.7         0.5     3.150     0.087    10.093     0.743      0.32     6.473   -0.00522
TRANS 1.1-1.7         1.0     3.087     0.087     7.103     0.513      0.45     6.347   -0.00367
TRANS 1.1-1.7         1.5     2.877     0.087     4.677     0.353      0.63     5.927   -0.00242
TRANS 1.1-1.7         2.0     2.620     0.087     3.103     0.220      0.87     5.413   -0.00160
TRANS 1.1-1.7         2.5     2.207     0.083     1.960     0.133      1.17     4.580   -0.00101
TRANS 1.1-1.7         3.0     1.747     0.077     1.153     0.097      1.58     3.647   -0.00060
TRANS 1.1-1.7         3.5     1.023     0.073     0.673     0.053      1.63     2.193   -0.00035
TRANS 1.1-1.7         4.0     0.033     0.070     0.263     0.033      0.39     0.207   -0.00014
TRANS 1.1-1.7         4.5     0.020     0.050     0.143     0.027      0.49     0.140   -0.00007
TRANS 1.1-1.7         5.0     0.010     0.027     0.033     0.017      1.10     0.073   -0.00002
ENDCAP >1.7          -2.0     4.283     0.683   101.243    15.490      0.05     9.933   -0.02291
ENDCAP >1.7          -1.5     4.123     0.643    74.453    11.980      0.06     9.533   -0.01685
ENDCAP >1.7          -1.0     4.053     0.620    66.850    10.743      0.07     9.347   -0.01513
ENDCAP >1.7          -0.5     3.980     0.593    58.047     9.073      0.08     9.147   -0.01314
ENDCAP >1.7           0.0     3.840     0.567    47.753     7.150      0.09     8.813   -0.01081
ENDCAP >1.7           0.5     3.720     0.517    37.310     5.273      0.11     8.473   -0.00844
ENDCAP >1.7           1.0     3.520     0.483    27.150     3.717      0.15     8.007   -0.00614
ENDCAP >1.7           1.5     3.240     0.457    18.333     2.570      0.20     7.393   -0.00415
ENDCAP >1.7           2.0     2.747     0.403    12.330     1.713      0.26     6.300   -0.00279
ENDCAP >1.7           2.5     2.210     0.367     8.117     1.140      0.32     5.153   -0.00184
ENDCAP >1.7           3.0     1.603     0.340     5.453     0.803      0.36     3.887   -0.00123
ENDCAP >1.7           3.5     0.910     0.327     3.510     0.533      0.35     2.473   -0.00079
ENDCAP >1.7           4.0     0.103     0.293     2.007     0.287      0.20     0.793   -0.00045
ENDCAP >1.7           4.5     0.050     0.237     1.187     0.143      0.24     0.573   -0.00027
ENDCAP >1.7           5.0     0.023     0.123     0.467     0.057      0.31     0.293   -0.00011
  (dupTCgain = 2 x A retired: the seed row AND its partner both stop being duplicates; upper bound, exact when the sim has exactly 2 TCs)

=== FRONTIER  var=bestSeedlessInWin(-XCT)  (fate=SURVIVE only), per event ===
group                 thr   A_seedl   A_other   B_noCov   C_noTru       A/B dupTCgain  d_eff_est
BARREL |eta|<1.1     -2.0     6.653     0.037    19.210     0.627      0.35    13.380   -0.00903
BARREL |eta|<1.1     -1.5     6.040     0.020    10.603     0.393      0.57    12.120   -0.00499
BARREL |eta|<1.1     -1.0     5.950     0.020     8.963     0.307      0.67    11.940   -0.00421
BARREL |eta|<1.1     -0.5     5.863     0.013     7.557     0.250      0.78    11.753   -0.00355
BARREL |eta|<1.1      0.0     5.803     0.013     6.237     0.197      0.93    11.633   -0.00293
BARREL |eta|<1.1      0.5     5.657     0.013     4.947     0.150      1.15    11.340   -0.00233
BARREL |eta|<1.1      1.0     5.400     0.013     3.930     0.120      1.38    10.827   -0.00185
BARREL |eta|<1.1      1.5     4.987     0.010     3.027     0.093      1.65     9.993   -0.00142
BARREL |eta|<1.1      2.0     4.360     0.010     2.273     0.077      1.92     8.740   -0.00107
BARREL |eta|<1.1      2.5     3.613     0.003     1.683     0.063      2.15     7.233   -0.00079
BARREL |eta|<1.1      3.0     2.737     0.000     1.063     0.050      2.57     5.473   -0.00050
BARREL |eta|<1.1      3.5     1.603     0.000     0.473     0.027      3.39     3.207   -0.00022
TRANS 1.1-1.7        -2.0     3.200     0.047    10.290     1.020      0.32     6.493   -0.00532
TRANS 1.1-1.7        -1.5     3.173     0.040     7.233     0.513      0.44     6.427   -0.00374
TRANS 1.1-1.7        -1.0     3.167     0.037     6.240     0.400      0.51     6.407   -0.00323
TRANS 1.1-1.7        -0.5     3.147     0.033     5.300     0.303      0.60     6.360   -0.00274
TRANS 1.1-1.7         0.0     3.123     0.030     4.253     0.227      0.74     6.307   -0.00220
TRANS 1.1-1.7         0.5     3.093     0.027     3.320     0.160      0.94     6.240   -0.00172
TRANS 1.1-1.7         1.0     3.030     0.020     2.460     0.100      1.24     6.100   -0.00127
TRANS 1.1-1.7         1.5     2.833     0.020     1.760     0.080      1.62     5.707   -0.00091
TRANS 1.1-1.7         2.0     2.583     0.013     1.263     0.063      2.06     5.193   -0.00065
TRANS 1.1-1.7         2.5     2.183     0.007     0.817     0.047      2.68     4.380   -0.00042
TRANS 1.1-1.7         3.0     1.720     0.007     0.477     0.030      3.62     3.453   -0.00025
TRANS 1.1-1.7         3.5     1.000     0.003     0.243     0.010      4.12     2.007   -0.00013
ENDCAP >1.7          -2.0     3.923     0.200    30.903     5.553      0.13     8.247   -0.00699
ENDCAP >1.7          -1.5     3.883     0.140    19.540     2.870      0.21     8.047   -0.00442
ENDCAP >1.7          -1.0     3.867     0.123    16.603     2.323      0.24     7.980   -0.00376
ENDCAP >1.7          -0.5     3.840     0.103    13.903     1.913      0.28     7.887   -0.00315
ENDCAP >1.7           0.0     3.817     0.087    11.427     1.527      0.34     7.807   -0.00259
ENDCAP >1.7           0.5     3.770     0.070     8.887     1.193      0.43     7.680   -0.00201
ENDCAP >1.7           1.0     3.653     0.053     6.430     0.863      0.58     7.413   -0.00146
ENDCAP >1.7           1.5     3.393     0.050     4.597     0.673      0.75     6.887   -0.00104
ENDCAP >1.7           2.0     2.920     0.020     3.213     0.530      0.91     5.880   -0.00073
ENDCAP >1.7           2.5     2.303     0.007     2.030     0.387      1.14     4.620   -0.00046
ENDCAP >1.7           3.0     1.627     0.003     1.183     0.233      1.38     3.260   -0.00027
ENDCAP >1.7           3.5     0.880     0.000     0.557     0.117      1.58     1.760   -0.00013
  (dupTCgain = 2 x A retired: the seed row AND its partner both stop being duplicates; upper bound, exact when the sim has exactly 2 TCs)

=== FRONTIER  var=bestSeedlessAnyDR  (fate=SURVIVE only), per event ===
group                 thr   A_seedl   A_other   B_noCov   C_noTru       A/B dupTCgain  d_eff_est
BARREL |eta|<1.1     -2.0     7.677     0.060    40.303     1.290      0.19    15.473   -0.01895
BARREL |eta|<1.1     -1.5     7.673     0.040    27.513     0.960      0.28    15.427   -0.01294
BARREL |eta|<1.1     -1.0     7.660     0.037    21.727     0.713      0.35    15.393   -0.01022
BARREL |eta|<1.1     -0.5     7.650     0.027    16.353     0.557      0.47    15.353   -0.00769
BARREL |eta|<1.1      0.0     7.620     0.023    11.770     0.383      0.65    15.287   -0.00553
BARREL |eta|<1.1      0.5     7.480     0.013     8.300     0.217      0.90    14.987   -0.00390
BARREL |eta|<1.1      1.0     7.217     0.013     5.873     0.163      1.23    14.460   -0.00276
BARREL |eta|<1.1      1.5     6.770     0.010     4.280     0.123      1.58    13.560   -0.00201
BARREL |eta|<1.1      2.0     6.083     0.010     3.040     0.093      2.00    12.187   -0.00143
BARREL |eta|<1.1      2.5     5.280     0.003     2.163     0.070      2.44    10.567   -0.00102
BARREL |eta|<1.1      3.0     4.357     0.000     1.353     0.057      3.22     8.713   -0.00064
BARREL |eta|<1.1      3.5     3.137     0.000     0.663     0.033      4.73     6.273   -0.00031
BARREL |eta|<1.1      4.0     1.390     0.000     0.123     0.007     11.27     2.780   -0.00006
BARREL |eta|<1.1      4.5     1.163     0.000     0.073     0.007     15.86     2.327   -0.00003
BARREL |eta|<1.1      5.0     0.797     0.000     0.047     0.003     17.07     1.593   -0.00002
BARREL |eta|<1.1      5.5     0.057     0.000     0.000     0.000       inf     0.113   -0.00000
BARREL |eta|<1.1      6.0     0.040     0.000     0.000     0.000       inf     0.080   -0.00000
BARREL |eta|<1.1      6.5     0.030     0.000     0.000     0.000       inf     0.060   -0.00000
BARREL |eta|<1.1      7.0     0.030     0.000     0.000     0.000       inf     0.060   -0.00000
BARREL |eta|<1.1      7.5     0.023     0.000     0.000     0.000       inf     0.047   -0.00000
BARREL |eta|<1.1      8.0     0.003     0.000     0.000     0.000       inf     0.007   -0.00000
TRANS 1.1-1.7        -2.0     3.237     0.097    18.970     2.077      0.18     6.667   -0.00981
TRANS 1.1-1.7        -1.5     3.237     0.077    14.757     1.353      0.22     6.627   -0.00763
TRANS 1.1-1.7        -1.0     3.230     0.073    12.433     1.103      0.27     6.607   -0.00643
TRANS 1.1-1.7        -0.5     3.227     0.063    10.110     0.793      0.33     6.580   -0.00523
TRANS 1.1-1.7         0.0     3.210     0.053     7.757     0.583      0.42     6.527   -0.00401
TRANS 1.1-1.7         0.5     3.173     0.043     5.580     0.370      0.58     6.433   -0.00288
TRANS 1.1-1.7         1.0     3.107     0.033     3.750     0.240      0.84     6.280   -0.00194
TRANS 1.1-1.7         1.5     2.897     0.023     2.397     0.170      1.22     5.840   -0.00124
TRANS 1.1-1.7         2.0     2.647     0.013     1.600     0.110      1.66     5.320   -0.00083
TRANS 1.1-1.7         2.5     2.227     0.007     0.983     0.067      2.27     4.467   -0.00051
TRANS 1.1-1.7         3.0     1.760     0.007     0.550     0.043      3.21     3.533   -0.00028
TRANS 1.1-1.7         3.5     1.040     0.003     0.297     0.017      3.52     2.087   -0.00015
TRANS 1.1-1.7         4.0     0.033     0.000     0.033     0.007      1.00     0.067   -0.00002
TRANS 1.1-1.7         4.5     0.033     0.000     0.020     0.003      1.67     0.067   -0.00001
TRANS 1.1-1.7         5.0     0.033     0.000     0.013     0.003      2.50     0.067   -0.00001
TRANS 1.1-1.7         5.5     0.033     0.000     0.013     0.003      2.50     0.067   -0.00001
TRANS 1.1-1.7         6.0     0.033     0.000     0.013     0.003      2.50     0.067   -0.00001
TRANS 1.1-1.7         6.5     0.033     0.000     0.003     0.000     10.00     0.067   -0.00000
TRANS 1.1-1.7         7.0     0.033     0.000     0.003     0.000     10.00     0.067   -0.00000
TRANS 1.1-1.7         7.5     0.027     0.000     0.003     0.000      8.00     0.053   -0.00000
TRANS 1.1-1.7         8.0     0.023     0.000     0.003     0.000      7.00     0.047   -0.00000
TRANS 1.1-1.7         8.5     0.020     0.000     0.000     0.000       inf     0.040   -0.00000
TRANS 1.1-1.7         9.0     0.017     0.000     0.000     0.000       inf     0.033   -0.00000
TRANS 1.1-1.7         9.5     0.010     0.000     0.000     0.000       inf     0.020   -0.00000
ENDCAP >1.7          -2.0     4.237     0.537    81.123    12.960      0.06     9.547   -0.01836
ENDCAP >1.7          -1.5     4.167     0.353    44.947     6.843      0.10     9.040   -0.01017
ENDCAP >1.7          -1.0     4.120     0.300    36.333     5.400      0.12     8.840   -0.00822
ENDCAP >1.7          -0.5     4.070     0.230    28.387     4.163      0.15     8.600   -0.00642
ENDCAP >1.7           0.0     4.043     0.167    21.533     3.043      0.20     8.420   -0.00487
ENDCAP >1.7           0.5     3.987     0.130    15.643     2.103      0.26     8.233   -0.00354
ENDCAP >1.7           1.0     3.843     0.080    10.673     1.450      0.37     7.847   -0.00242
ENDCAP >1.7           1.5     3.573     0.067     7.203     1.053      0.51     7.280   -0.00163
ENDCAP >1.7           2.0     3.063     0.027     4.843     0.717      0.64     6.180   -0.00110
ENDCAP >1.7           2.5     2.437     0.013     3.023     0.490      0.81     4.900   -0.00068
ENDCAP >1.7           3.0     1.763     0.007     1.837     0.310      0.96     3.540   -0.00042
ENDCAP >1.7           3.5     0.993     0.003     1.037     0.157      0.96     1.993   -0.00023
ENDCAP >1.7           4.0     0.113     0.000     0.333     0.023      0.34     0.227   -0.00008
ENDCAP >1.7           4.5     0.107     0.000     0.207     0.013      0.52     0.213   -0.00005
ENDCAP >1.7           5.0     0.103     0.000     0.130     0.007      0.79     0.207   -0.00003
ENDCAP >1.7           5.5     0.093     0.000     0.067     0.003      1.40     0.187   -0.00002
ENDCAP >1.7           6.0     0.087     0.000     0.047     0.000      1.86     0.173   -0.00001
ENDCAP >1.7           6.5     0.077     0.000     0.027     0.000      2.88     0.153   -0.00001
ENDCAP >1.7           7.0     0.067     0.000     0.013     0.000      5.00     0.133   -0.00000
ENDCAP >1.7           7.5     0.057     0.000     0.003     0.000     17.00     0.113   -0.00000
ENDCAP >1.7           8.0     0.040     0.000     0.003     0.000     12.00     0.080   -0.00000
ENDCAP >1.7           8.5     0.017     0.000     0.000     0.000       inf     0.033   -0.00000
ENDCAP >1.7           9.0     0.013     0.000     0.000     0.000       inf     0.027   -0.00000
ENDCAP >1.7           9.5     0.007     0.000     0.000     0.000       inf     0.013   -0.00000
ENDCAP >1.7          10.0     0.003     0.000     0.000     0.000       inf     0.007   -0.00000
  (dupTCgain = 2 x A retired: the seed row AND its partner both stop being duplicates; upper bound, exact when the sim has exactly 2 TCs)

=== FRONTIER  var=bidMarginInWin  (fate=SURVIVE only), per event ===
group                 thr   A_seedl   A_other   B_noCov   C_noTru       A/B dupTCgain  d_eff_est
BARREL |eta|<1.1     -2.0     6.653     0.037    19.210     0.627      0.35    13.380   -0.00903
BARREL |eta|<1.1     -1.5     5.833     0.007     6.817     0.203      0.86    11.680   -0.00321
BARREL |eta|<1.1     -1.0     5.720     0.007     5.897     0.180      0.97    11.453   -0.00277
BARREL |eta|<1.1     -0.5     5.533     0.007     5.053     0.147      1.10    11.080   -0.00238
BARREL |eta|<1.1      0.0     5.103     0.003     3.957     0.103      1.29    10.213   -0.00186
BARREL |eta|<1.1      0.5     4.743     0.003     3.260     0.090      1.46     9.493   -0.00153
BARREL |eta|<1.1      1.0     4.387     0.000     2.640     0.080      1.66     8.773   -0.00124
BARREL |eta|<1.1      1.5     4.023     0.000     2.173     0.073      1.85     8.047   -0.00102
BARREL |eta|<1.1      2.0     3.557     0.000     1.727     0.063      2.06     7.113   -0.00081
BARREL |eta|<1.1      2.5     3.087     0.000     1.360     0.050      2.27     6.173   -0.00064
BARREL |eta|<1.1      3.0     2.607     0.000     1.063     0.040      2.45     5.213   -0.00050
BARREL |eta|<1.1      3.5     2.170     0.000     0.830     0.030      2.61     4.340   -0.00039
BARREL |eta|<1.1      4.0     1.693     0.000     0.607     0.023      2.79     3.387   -0.00029
BARREL |eta|<1.1      4.5     1.283     0.000     0.433     0.013      2.96     2.567   -0.00020
BARREL |eta|<1.1      5.0     0.913     0.000     0.313     0.010      2.91     1.827   -0.00015
BARREL |eta|<1.1      5.5     0.697     0.000     0.257     0.003      2.71     1.393   -0.00012
BARREL |eta|<1.1      6.0     0.583     0.000     0.217     0.003      2.69     1.167   -0.00010
BARREL |eta|<1.1      6.5     0.470     0.000     0.190     0.003      2.47     0.940   -0.00009
BARREL |eta|<1.1      7.0     0.403     0.000     0.183     0.003      2.20     0.807   -0.00009
BARREL |eta|<1.1      7.5     0.380     0.000     0.177     0.003      2.15     0.760   -0.00008
BARREL |eta|<1.1      8.0     0.357     0.000     0.177     0.003      2.02     0.713   -0.00008
BARREL |eta|<1.1      8.5     0.343     0.000     0.170     0.003      2.02     0.687   -0.00008
BARREL |eta|<1.1      9.0     0.343     0.000     0.170     0.003      2.02     0.687   -0.00008
TRANS 1.1-1.7        -2.0     3.200     0.047    10.290     1.020      0.32     6.493   -0.00532
TRANS 1.1-1.7        -1.5     3.010     0.010     3.527     0.210      0.86     6.040   -0.00182
TRANS 1.1-1.7        -1.0     2.933     0.007     3.010     0.170      0.98     5.880   -0.00156
TRANS 1.1-1.7        -0.5     2.767     0.003     2.520     0.137      1.10     5.540   -0.00130
TRANS 1.1-1.7         0.0     2.253     0.003     1.670     0.090      1.35     4.513   -0.00086
TRANS 1.1-1.7         0.5     1.900     0.000     1.083     0.073      1.75     3.800   -0.00056
TRANS 1.1-1.7         1.0     1.763     0.000     0.900     0.060      1.96     3.527   -0.00047
TRANS 1.1-1.7         1.5     1.663     0.000     0.770     0.043      2.16     3.327   -0.00040
TRANS 1.1-1.7         2.0     1.503     0.000     0.623     0.030      2.41     3.007   -0.00032
TRANS 1.1-1.7         2.5     1.327     0.000     0.497     0.023      2.67     2.653   -0.00026
TRANS 1.1-1.7         3.0     1.087     0.000     0.400     0.017      2.72     2.173   -0.00021
TRANS 1.1-1.7         3.5     0.913     0.000     0.283     0.017      3.22     1.827   -0.00015
TRANS 1.1-1.7         4.0     0.743     0.000     0.227     0.013      3.28     1.487   -0.00012
TRANS 1.1-1.7         4.5     0.590     0.000     0.190     0.013      3.11     1.180   -0.00010
TRANS 1.1-1.7         5.0     0.460     0.000     0.153     0.010      3.00     0.920   -0.00008
TRANS 1.1-1.7         5.5     0.377     0.000     0.137     0.010      2.76     0.753   -0.00007
TRANS 1.1-1.7         6.0     0.303     0.000     0.133     0.010      2.27     0.607   -0.00007
TRANS 1.1-1.7         6.5     0.277     0.000     0.133     0.010      2.08     0.553   -0.00007
TRANS 1.1-1.7         7.0     0.253     0.000     0.133     0.010      1.90     0.507   -0.00007
TRANS 1.1-1.7         7.5     0.237     0.000     0.133     0.010      1.77     0.473   -0.00007
TRANS 1.1-1.7         8.0     0.227     0.000     0.133     0.007      1.70     0.453   -0.00007
TRANS 1.1-1.7         8.5     0.223     0.000     0.133     0.007      1.68     0.447   -0.00007
TRANS 1.1-1.7         9.0     0.220     0.000     0.133     0.007      1.65     0.440   -0.00007
ENDCAP >1.7          -2.0     3.923     0.200    30.903     5.553      0.13     8.247   -0.00699
ENDCAP >1.7          -1.5     3.157     0.033     8.027     1.113      0.40     6.380   -0.00182
ENDCAP >1.7          -1.0     2.853     0.027     6.533     0.837      0.44     5.760   -0.00148
ENDCAP >1.7          -0.5     2.213     0.013     4.880     0.620      0.46     4.453   -0.00110
ENDCAP >1.7           0.0     0.730     0.003     1.190     0.283      0.62     1.467   -0.00027
ENDCAP >1.7           0.5     0.327     0.003     0.290     0.160      1.14     0.660   -0.00007
ENDCAP >1.7           1.0     0.277     0.000     0.197     0.113      1.41     0.553   -0.00004
ENDCAP >1.7           1.5     0.227     0.000     0.147     0.083      1.55     0.453   -0.00003
ENDCAP >1.7           2.0     0.193     0.000     0.113     0.063      1.71     0.387   -0.00003
ENDCAP >1.7           2.5     0.157     0.000     0.090     0.053      1.74     0.313   -0.00002
ENDCAP >1.7           3.0     0.140     0.000     0.063     0.043      2.21     0.280   -0.00001
ENDCAP >1.7           3.5     0.097     0.000     0.047     0.037      2.07     0.193   -0.00001
ENDCAP >1.7           4.0     0.070     0.000     0.037     0.037      1.91     0.140   -0.00001
ENDCAP >1.7           4.5     0.057     0.000     0.033     0.030      1.70     0.113   -0.00001
ENDCAP >1.7           5.0     0.043     0.000     0.033     0.030      1.30     0.087   -0.00001
ENDCAP >1.7           5.5     0.033     0.000     0.030     0.027      1.11     0.067   -0.00001
ENDCAP >1.7           6.0     0.033     0.000     0.027     0.027      1.25     0.067   -0.00001
ENDCAP >1.7           6.5     0.030     0.000     0.027     0.027      1.12     0.060   -0.00001
ENDCAP >1.7           7.0     0.030     0.000     0.027     0.027      1.12     0.060   -0.00001
ENDCAP >1.7           7.5     0.030     0.000     0.023     0.027      1.29     0.060   -0.00001
ENDCAP >1.7           8.0     0.030     0.000     0.023     0.027      1.29     0.060   -0.00001
ENDCAP >1.7           8.5     0.030     0.000     0.023     0.027      1.29     0.060   -0.00001
ENDCAP >1.7           9.0     0.030     0.000     0.023     0.027      1.29     0.060   -0.00001
  (dupTCgain = 2 x A retired: the seed row AND its partner both stop being duplicates; upper bound, exact when the sim has exactly 2 TCs)

=== FRONTIER  var=bidMarginAnyDR  (fate=SURVIVE only), per event ===
group                 thr   A_seedl   A_other   B_noCov   C_noTru       A/B dupTCgain  d_eff_est
BARREL |eta|<1.1     -2.0     7.677     0.060    40.303     1.290      0.19    15.473   -0.01895
BARREL |eta|<1.1     -1.5     7.440     0.010     9.510     0.330      0.78    14.900   -0.00447
BARREL |eta|<1.1     -1.0     7.320     0.007     7.340     0.250      1.00    14.653   -0.00345
BARREL |eta|<1.1     -0.5     7.110     0.003     5.557     0.170      1.28    14.227   -0.00261
BARREL |eta|<1.1      0.0     6.597     0.000     4.027     0.100      1.64    13.193   -0.00189
BARREL |eta|<1.1      0.5     6.067     0.000     2.917     0.077      2.08    12.133   -0.00137
BARREL |eta|<1.1      1.0     5.577     0.000     2.173     0.067      2.57    11.153   -0.00102
BARREL |eta|<1.1      1.5     5.030     0.000     1.647     0.050      3.05    10.060   -0.00077
BARREL |eta|<1.1      2.0     4.397     0.000     1.167     0.043      3.77     8.793   -0.00055
BARREL |eta|<1.1      2.5     3.687     0.000     0.817     0.023      4.51     7.373   -0.00038
BARREL |eta|<1.1      3.0     3.003     0.000     0.520     0.013      5.78     6.007   -0.00024
BARREL |eta|<1.1      3.5     2.297     0.000     0.330     0.007      6.96     4.593   -0.00016
BARREL |eta|<1.1      4.0     1.747     0.000     0.210     0.003      8.32     3.493   -0.00010
BARREL |eta|<1.1      4.5     1.343     0.000     0.140     0.003      9.60     2.687   -0.00007
BARREL |eta|<1.1      5.0     0.920     0.000     0.100     0.003      9.20     1.840   -0.00005
BARREL |eta|<1.1      5.5     0.640     0.000     0.093     0.003      6.86     1.280   -0.00004
BARREL |eta|<1.1      6.0     0.510     0.000     0.090     0.003      5.67     1.020   -0.00004
BARREL |eta|<1.1      6.5     0.450     0.000     0.090     0.003      5.00     0.900   -0.00004
BARREL |eta|<1.1      7.0     0.437     0.000     0.090     0.003      4.85     0.873   -0.00004
BARREL |eta|<1.1      7.5     0.430     0.000     0.090     0.003      4.78     0.860   -0.00004
BARREL |eta|<1.1      8.0     0.430     0.000     0.090     0.003      4.78     0.860   -0.00004
BARREL |eta|<1.1      8.5     0.427     0.000     0.090     0.003      4.74     0.853   -0.00004
BARREL |eta|<1.1      9.0     0.427     0.000     0.090     0.003      4.74     0.853   -0.00004
TRANS 1.1-1.7        -2.0     3.237     0.097    18.970     2.077      0.18     6.667   -0.00981
TRANS 1.1-1.7        -1.5     3.023     0.010     4.847     0.347      0.63     6.067   -0.00251
TRANS 1.1-1.7        -1.0     2.907     0.007     3.823     0.250      0.76     5.827   -0.00198
TRANS 1.1-1.7        -0.5     2.727     0.007     2.883     0.177      0.95     5.467   -0.00149
TRANS 1.1-1.7         0.0     2.177     0.000     1.790     0.117      1.22     4.353   -0.00093
TRANS 1.1-1.7         0.5     1.797     0.000     1.043     0.077      1.72     3.593   -0.00054
TRANS 1.1-1.7         1.0     1.613     0.000     0.757     0.060      2.13     3.227   -0.00039
TRANS 1.1-1.7         1.5     1.443     0.000     0.550     0.037      2.62     2.887   -0.00028
TRANS 1.1-1.7         2.0     1.257     0.000     0.413     0.023      3.04     2.513   -0.00021
TRANS 1.1-1.7         2.5     1.047     0.000     0.270     0.017      3.88     2.093   -0.00014
TRANS 1.1-1.7         3.0     0.777     0.000     0.170     0.010      4.57     1.553   -0.00009
TRANS 1.1-1.7         3.5     0.570     0.000     0.127     0.010      4.50     1.140   -0.00007
TRANS 1.1-1.7         4.0     0.393     0.000     0.110     0.010      3.58     0.787   -0.00006
TRANS 1.1-1.7         4.5     0.313     0.000     0.097     0.010      3.24     0.627   -0.00005
TRANS 1.1-1.7         5.0     0.247     0.000     0.083     0.010      2.96     0.493   -0.00004
TRANS 1.1-1.7         5.5     0.220     0.000     0.080     0.010      2.75     0.440   -0.00004
TRANS 1.1-1.7         6.0     0.210     0.000     0.080     0.010      2.62     0.420   -0.00004
TRANS 1.1-1.7         6.5     0.207     0.000     0.077     0.010      2.70     0.413   -0.00004
TRANS 1.1-1.7         7.0     0.207     0.000     0.077     0.010      2.70     0.413   -0.00004
TRANS 1.1-1.7         7.5     0.203     0.000     0.077     0.010      2.65     0.407   -0.00004
TRANS 1.1-1.7         8.0     0.203     0.000     0.077     0.010      2.65     0.407   -0.00004
TRANS 1.1-1.7         8.5     0.197     0.000     0.077     0.010      2.57     0.393   -0.00004
TRANS 1.1-1.7         9.0     0.197     0.000     0.077     0.010      2.57     0.393   -0.00004
ENDCAP >1.7          -2.0     4.237     0.537    81.123    12.960      0.06     9.547   -0.01836
ENDCAP >1.7          -1.5     3.223     0.037    10.963     1.587      0.30     6.520   -0.00248
ENDCAP >1.7          -1.0     2.867     0.023     8.037     1.137      0.36     5.780   -0.00182
ENDCAP >1.7          -0.5     2.167     0.013     5.410     0.747      0.40     4.360   -0.00122
ENDCAP >1.7           0.0     0.697     0.003     1.167     0.323      0.60     1.400   -0.00026
ENDCAP >1.7           0.5     0.303     0.000     0.250     0.177      1.21     0.607   -0.00006
ENDCAP >1.7           1.0     0.230     0.000     0.153     0.107      1.50     0.460   -0.00003
ENDCAP >1.7           1.5     0.163     0.000     0.107     0.070      1.53     0.327   -0.00002
ENDCAP >1.7           2.0     0.113     0.000     0.067     0.053      1.70     0.227   -0.00002
ENDCAP >1.7           2.5     0.077     0.000     0.037     0.040      2.09     0.153   -0.00001
ENDCAP >1.7           3.0     0.053     0.000     0.020     0.023      2.67     0.107   -0.00000
ENDCAP >1.7           3.5     0.030     0.000     0.013     0.013      2.25     0.060   -0.00000
ENDCAP >1.7           4.0     0.023     0.000     0.010     0.013      2.33     0.047   -0.00000
ENDCAP >1.7           4.5     0.020     0.000     0.003     0.007      6.00     0.040   -0.00000
ENDCAP >1.7           5.0     0.017     0.000     0.003     0.003      5.00     0.033   -0.00000
ENDCAP >1.7           5.5     0.017     0.000     0.003     0.003      5.00     0.033   -0.00000
ENDCAP >1.7           6.0     0.013     0.000     0.003     0.003      4.00     0.027   -0.00000
ENDCAP >1.7           6.5     0.013     0.000     0.003     0.003      4.00     0.027   -0.00000
ENDCAP >1.7           7.0     0.013     0.000     0.000     0.003       inf     0.027   -0.00000
ENDCAP >1.7           7.5     0.013     0.000     0.000     0.003       inf     0.027   -0.00000
ENDCAP >1.7           8.0     0.013     0.000     0.000     0.003       inf     0.027   -0.00000
ENDCAP >1.7           8.5     0.013     0.000     0.000     0.003       inf     0.027   -0.00000
ENDCAP >1.7           9.0     0.013     0.000     0.000     0.003       inf     0.027   -0.00000
  (dupTCgain = 2 x A retired: the seed row AND its partner both stop being duplicates; upper bound, exact when the sim has exactly 2 TCs)
