events = 300

=== UNIVERSE (post-deletion bare seeds), per event ===
group              class                    N  consumed  RPSblock  XCretire   SURVIVE
e00_06             A_seedlessCover      22.41      0.48      9.50      7.57      4.85
e00_06             A_otherCover        154.39    147.05      7.27      0.03      0.03
e00_06             B_noCover            28.34      1.51      0.58      0.92     25.33
e00_06             C_noTruth             1.73      0.35      0.33      0.36      0.69
e06_11             A_seedlessCover      15.24      0.48      5.77      6.17      2.82
e06_11             A_otherCover        102.42     97.80      4.58      0.01      0.03
e06_11             B_noCover            17.16      1.08      0.33      0.75     15.00
e06_11             C_noTruth             1.26      0.26      0.13      0.27      0.60
e11_17             A_seedlessCover      21.09      0.72      8.55      8.58      3.24
e11_17             A_otherCover         95.28     70.53     24.60      0.06      0.10
e11_17             B_noCover            22.75      1.43      1.37      0.79     19.16
e11_17             C_noTruth             3.62      0.41      0.57      0.54      2.10
e17_24             A_seedlessCover      26.84      0.46     13.83      8.43      4.12
e17_24             A_otherCover        227.58     43.75    180.38      2.79      0.66
e17_24             B_noCover            78.01      0.91      5.67      1.31     70.12
e17_24             C_noTruth            21.75      0.81      4.78      2.38     13.78
e24_up             A_seedlessCover       3.51      0.00      1.60      1.69      0.21
e24_up             A_otherCover          5.98      0.50      5.07      0.37      0.03
e24_up             B_noCover           696.32      0.02      0.26      0.34    695.71
e24_up             C_noTruth            23.41      0.01      0.09      0.16     23.16

=== FRONTIER  var=bestChainLogit(-RPSA)  (fate=SURVIVE only), per event ===
group                 thr   A_seedl   A_other   B_noCov   C_noTru       A/B dupTCgain
e00_06               -2.0     4.853     0.030    25.327     0.690      0.19     9.767
e00_06               -1.5     4.840     0.030    23.273     0.640      0.21     9.740
e00_06               -1.0     4.823     0.027    20.577     0.580      0.24     9.700
e00_06               -0.5     4.810     0.027    16.977     0.523      0.28     9.673
e00_06                0.0     4.783     0.023    12.837     0.440      0.37     9.613
e00_06                0.5     4.730     0.020     9.197     0.287      0.52     9.500
e00_06                1.0     4.570     0.020     6.593     0.187      0.70     9.180
e00_06                1.5     4.303     0.020     4.717     0.130      0.92     8.647
e00_06                2.0     3.873     0.017     3.360     0.097      1.16     7.780
e00_06                2.5     3.407     0.013     2.250     0.070      1.52     6.840
e00_06                3.0     2.817     0.013     1.417     0.047      2.00     5.660
e00_06                3.5     2.080     0.013     0.813     0.030      2.57     4.187
e00_06                4.0     1.020     0.010     0.350     0.020      2.94     2.060
e00_06                4.5     0.850     0.007     0.197     0.013      4.36     1.713
e00_06                5.0     0.583     0.000     0.090     0.013      6.48     1.167
e06_11               -2.0     2.823     0.030    15.003     0.600      0.19     5.707
e06_11               -1.5     2.823     0.030    14.443     0.590      0.20     5.707
e06_11               -1.0     2.813     0.030    13.407     0.550      0.21     5.687
e06_11               -0.5     2.787     0.020    11.467     0.510      0.24     5.613
e06_11                0.0     2.747     0.017     8.833     0.420      0.31     5.527
e06_11                0.5     2.660     0.017     6.337     0.283      0.42     5.353
e06_11                1.0     2.547     0.017     4.373     0.150      0.59     5.127
e06_11                1.5     2.373     0.017     2.960     0.087      0.81     4.780
e06_11                2.0     2.107     0.017     2.043     0.060      1.04     4.247
e06_11                2.5     1.803     0.017     1.447     0.050      1.26     3.640
e06_11                3.0     1.463     0.013     0.940     0.040      1.57     2.953
e06_11                3.5     1.010     0.013     0.497     0.037      2.06     2.047
e06_11                4.0     0.343     0.013     0.170     0.007      2.10     0.713
e06_11                4.5     0.270     0.010     0.097     0.003      2.90     0.560
e06_11                5.0     0.160     0.010     0.047     0.000      3.64     0.340
e11_17               -2.0     3.237     0.097    19.157     2.097      0.17     6.667
e11_17               -1.5     3.233     0.097    18.463     1.913      0.18     6.660
e11_17               -1.0     3.227     0.093    17.417     1.703      0.19     6.640
e11_17               -0.5     3.200     0.090    15.617     1.450      0.21     6.580
e11_17                0.0     3.180     0.090    13.113     1.110      0.25     6.540
e11_17                0.5     3.150     0.087    10.093     0.743      0.32     6.473
e11_17                1.0     3.087     0.087     7.103     0.513      0.45     6.347
e11_17                1.5     2.877     0.087     4.677     0.353      0.63     5.927
e11_17                2.0     2.620     0.087     3.103     0.220      0.87     5.413
e11_17                2.5     2.207     0.083     1.960     0.133      1.17     4.580
e11_17                3.0     1.747     0.077     1.153     0.097      1.58     3.647
e11_17                3.5     1.023     0.073     0.673     0.053      1.63     2.193
e11_17                4.0     0.033     0.070     0.263     0.033      0.39     0.207
e11_17                4.5     0.020     0.050     0.143     0.027      0.49     0.140
e11_17                5.0     0.010     0.027     0.033     0.017      1.10     0.073
e17_24               -2.0     4.110     0.653    69.497    13.710      0.07     9.527
e17_24               -1.5     4.017     0.633    62.310    11.387      0.07     9.300
e17_24               -1.0     3.957     0.610    57.853    10.330      0.08     9.133
e17_24               -0.5     3.890     0.583    51.600     8.780      0.09     8.947
e17_24                0.0     3.770     0.557    43.277     6.950      0.10     8.653
e17_24                0.5     3.657     0.507    34.313     5.110      0.12     8.327
e17_24                1.0     3.473     0.473    25.160     3.613      0.16     7.893
e17_24                1.5     3.203     0.447    17.133     2.473      0.21     7.300
e17_24                2.0     2.720     0.393    11.563     1.657      0.27     6.227
e17_24                2.5     2.190     0.357     7.650     1.117      0.33     5.093
e17_24                3.0     1.587     0.333     5.147     0.787      0.37     3.840
e17_24                3.5     0.903     0.320     3.287     0.523      0.37     2.447
e17_24                4.0     0.103     0.287     1.877     0.280      0.21     0.780
e17_24                4.5     0.050     0.230     1.107     0.137      0.25     0.560
e17_24                5.0     0.023     0.117     0.427     0.053      0.33     0.280
e24_up               -2.0     0.173     0.030    31.747     1.780      0.01     0.407
e24_up               -1.5     0.107     0.010    12.143     0.593      0.01     0.233
e24_up               -1.0     0.097     0.010     8.997     0.413      0.01     0.213
e24_up               -0.5     0.090     0.010     6.447     0.293      0.02     0.200
e24_up                0.0     0.070     0.010     4.477     0.200      0.02     0.160
e24_up                0.5     0.063     0.010     2.997     0.163      0.02     0.147
e24_up                1.0     0.047     0.010     1.990     0.103      0.03     0.113
e24_up                1.5     0.037     0.010     1.200     0.097      0.04     0.093
e24_up                2.0     0.027     0.010     0.767     0.057      0.05     0.073
e24_up                2.5     0.020     0.010     0.467     0.023      0.06     0.060
e24_up                3.0     0.017     0.007     0.307     0.017      0.08     0.047
e24_up                3.5     0.007     0.007     0.223     0.010      0.06     0.027
e24_up                4.0     0.000     0.007     0.130     0.007      0.05     0.013
e24_up                4.5     0.000     0.007     0.080     0.007      0.08     0.013
e24_up                5.0     0.000     0.007     0.040     0.003      0.17     0.013
  (dupTCgain = 2 x A retired: the seed row AND its partner both stop being duplicates; upper bound, exact when the sim has exactly 2 TCs)

=== FRONTIER  var=bestSeedlessInWin(-XCT)  (fate=SURVIVE only), per event ===
group                 thr   A_seedl   A_other   B_noCov   C_noTru       A/B dupTCgain
e00_06               -2.0     4.140     0.020    11.777     0.343      0.35     8.320
e00_06               -1.5     3.687     0.013     6.093     0.197      0.61     7.400
e00_06               -1.0     3.617     0.013     5.087     0.170      0.71     7.260
e00_06               -0.5     3.560     0.010     4.283     0.157      0.83     7.140
e00_06                0.0     3.527     0.010     3.533     0.120      1.00     7.073
e00_06                0.5     3.453     0.010     2.813     0.087      1.23     6.927
e00_06                1.0     3.300     0.010     2.187     0.070      1.51     6.620
e00_06                1.5     3.050     0.007     1.750     0.057      1.75     6.113
e00_06                2.0     2.660     0.007     1.320     0.053      2.02     5.333
e00_06                2.5     2.223     0.000     0.970     0.040      2.29     4.447
e00_06                3.0     1.663     0.000     0.587     0.027      2.84     3.327
e00_06                3.5     0.977     0.000     0.257     0.010      3.81     1.953
e06_11               -2.0     2.513     0.017     7.433     0.283      0.34     5.060
e06_11               -1.5     2.353     0.007     4.510     0.197      0.52     4.720
e06_11               -1.0     2.333     0.007     3.877     0.137      0.60     4.680
e06_11               -0.5     2.303     0.003     3.273     0.093      0.70     4.613
e06_11                0.0     2.277     0.003     2.703     0.077      0.84     4.560
e06_11                0.5     2.203     0.003     2.133     0.063      1.03     4.413
e06_11                1.0     2.100     0.003     1.743     0.050      1.21     4.207
e06_11                1.5     1.937     0.003     1.277     0.037      1.52     3.880
e06_11                2.0     1.700     0.003     0.953     0.023      1.79     3.407
e06_11                2.5     1.390     0.003     0.713     0.023      1.95     2.787
e06_11                3.0     1.073     0.000     0.477     0.023      2.25     2.147
e06_11                3.5     0.627     0.000     0.217     0.017      2.89     1.253
e11_17               -2.0     3.200     0.047    10.290     1.020      0.32     6.493
e11_17               -1.5     3.173     0.040     7.233     0.513      0.44     6.427
e11_17               -1.0     3.167     0.037     6.240     0.400      0.51     6.407
e11_17               -0.5     3.147     0.033     5.300     0.303      0.60     6.360
e11_17                0.0     3.123     0.030     4.253     0.227      0.74     6.307
e11_17                0.5     3.093     0.027     3.320     0.160      0.94     6.240
e11_17                1.0     3.030     0.020     2.460     0.100      1.24     6.100
e11_17                1.5     2.833     0.020     1.760     0.080      1.62     5.707
e11_17                2.0     2.583     0.013     1.263     0.063      2.06     5.193
e11_17                2.5     2.183     0.007     0.817     0.047      2.68     4.380
e11_17                3.0     1.720     0.007     0.477     0.030      3.62     3.453
e11_17                3.5     1.000     0.003     0.243     0.010      4.12     2.007
e17_24               -2.0     3.760     0.200    23.227     5.057      0.17     7.920
e17_24               -1.5     3.723     0.140    15.647     2.650      0.25     7.727
e17_24               -1.0     3.707     0.123    13.430     2.150      0.29     7.660
e17_24               -0.5     3.680     0.103    11.277     1.743      0.34     7.567
e17_24                0.0     3.660     0.087     9.247     1.383      0.41     7.493
e17_24                0.5     3.613     0.070     7.170     1.077      0.51     7.367
e17_24                1.0     3.507     0.053     5.187     0.780      0.69     7.120
e17_24                1.5     3.257     0.050     3.710     0.603      0.89     6.613
e17_24                2.0     2.790     0.020     2.600     0.473      1.08     5.620
e17_24                2.5     2.197     0.007     1.633     0.343      1.35     4.407
e17_24                3.0     1.543     0.003     0.943     0.200      1.64     3.093
e17_24                3.5     0.837     0.000     0.443     0.100      1.89     1.673
e24_up               -2.0     0.163     0.000     7.677     0.497      0.02     0.327
e24_up               -1.5     0.160     0.000     3.893     0.220      0.04     0.320
e24_up               -1.0     0.160     0.000     3.173     0.173      0.05     0.320
e24_up               -0.5     0.160     0.000     2.627     0.170      0.06     0.320
e24_up                0.0     0.157     0.000     2.180     0.143      0.07     0.313
e24_up                0.5     0.157     0.000     1.717     0.117      0.09     0.313
e24_up                1.0     0.147     0.000     1.243     0.083      0.12     0.293
e24_up                1.5     0.137     0.000     0.887     0.070      0.15     0.273
e24_up                2.0     0.130     0.000     0.613     0.057      0.21     0.260
e24_up                2.5     0.107     0.000     0.397     0.043      0.27     0.213
e24_up                3.0     0.083     0.000     0.240     0.033      0.35     0.167
e24_up                3.5     0.043     0.000     0.113     0.017      0.38     0.087
  (dupTCgain = 2 x A retired: the seed row AND its partner both stop being duplicates; upper bound, exact when the sim has exactly 2 TCs)

=== FRONTIER  var=bestSeedlessAnyDR  (fate=SURVIVE only), per event ===
group                 thr   A_seedl   A_other   B_noCov   C_noTru       A/B dupTCgain
e00_06               -2.0     4.853     0.030    25.313     0.690      0.19     9.767
e00_06               -1.5     4.853     0.020    16.440     0.493      0.30     9.747
e00_06               -1.0     4.843     0.020    12.727     0.393      0.38     9.727
e00_06               -0.5     4.840     0.017     9.540     0.310      0.51     9.713
e00_06                0.0     4.823     0.013     6.870     0.217      0.70     9.673
e00_06                0.5     4.767     0.010     4.930     0.120      0.97     9.553
e00_06                1.0     4.610     0.010     3.523     0.097      1.31     9.240
e00_06                1.5     4.340     0.007     2.620     0.073      1.66     8.693
e00_06                2.0     3.910     0.007     1.887     0.063      2.08     7.833
e00_06                2.5     3.430     0.000     1.337     0.043      2.57     6.860
e00_06                3.0     2.843     0.000     0.820     0.030      3.47     5.687
e00_06                3.5     2.083     0.000     0.407     0.013      5.12     4.167
e00_06                4.0     1.003     0.000     0.097     0.003     10.38     2.007
e00_06                4.5     0.857     0.000     0.060     0.003     14.28     1.713
e00_06                5.0     0.593     0.000     0.040     0.003     14.83     1.187
e00_06                5.5     0.013     0.000     0.000     0.000       inf     0.027
e00_06                6.0     0.010     0.000     0.000     0.000       inf     0.020
e06_11               -2.0     2.823     0.030    14.990     0.600      0.19     5.707
e06_11               -1.5     2.820     0.020    11.073     0.467      0.26     5.680
e06_11               -1.0     2.817     0.017     9.000     0.320      0.31     5.667
e06_11               -0.5     2.810     0.010     6.813     0.247      0.41     5.640
e06_11                0.0     2.797     0.010     4.900     0.167      0.57     5.613
e06_11                0.5     2.713     0.003     3.370     0.097      0.81     5.433
e06_11                1.0     2.607     0.003     2.350     0.067      1.11     5.220
e06_11                1.5     2.430     0.003     1.660     0.050      1.47     4.867
e06_11                2.0     2.173     0.003     1.153     0.030      1.89     4.353
e06_11                2.5     1.850     0.003     0.827     0.027      2.24     3.707
e06_11                3.0     1.513     0.000     0.533     0.027      2.84     3.027
e06_11                3.5     1.053     0.000     0.257     0.020      4.10     2.107
e06_11                4.0     0.387     0.000     0.027     0.003     14.50     0.773
e06_11                4.5     0.307     0.000     0.013     0.003     23.00     0.613
e06_11                5.0     0.203     0.000     0.007     0.000     30.50     0.407
e06_11                5.5     0.043     0.000     0.000     0.000       inf     0.087
e06_11                6.0     0.030     0.000     0.000     0.000       inf     0.060
e06_11                6.5     0.030     0.000     0.000     0.000       inf     0.060
e06_11                7.0     0.030     0.000     0.000     0.000       inf     0.060
e06_11                7.5     0.023     0.000     0.000     0.000       inf     0.047
e06_11                8.0     0.003     0.000     0.000     0.000       inf     0.007
e11_17               -2.0     3.237     0.097    18.970     2.077      0.18     6.667
e11_17               -1.5     3.237     0.077    14.757     1.353      0.22     6.627
e11_17               -1.0     3.230     0.073    12.433     1.103      0.27     6.607
e11_17               -0.5     3.227     0.063    10.110     0.793      0.33     6.580
e11_17                0.0     3.210     0.053     7.757     0.583      0.42     6.527
e11_17                0.5     3.173     0.043     5.580     0.370      0.58     6.433
e11_17                1.0     3.107     0.033     3.750     0.240      0.84     6.280
e11_17                1.5     2.897     0.023     2.397     0.170      1.22     5.840
e11_17                2.0     2.647     0.013     1.600     0.110      1.66     5.320
e11_17                2.5     2.227     0.007     0.983     0.067      2.27     4.467
e11_17                3.0     1.760     0.007     0.550     0.043      3.21     3.533
e11_17                3.5     1.040     0.003     0.297     0.017      3.52     2.087
e11_17                4.0     0.033     0.000     0.033     0.007      1.00     0.067
e11_17                4.5     0.033     0.000     0.020     0.003      1.67     0.067
e11_17                5.0     0.033     0.000     0.013     0.003      2.50     0.067
e11_17                5.5     0.033     0.000     0.013     0.003      2.50     0.067
e11_17                6.0     0.033     0.000     0.013     0.003      2.50     0.067
e11_17                6.5     0.033     0.000     0.003     0.000     10.00     0.067
e11_17                7.0     0.033     0.000     0.003     0.000     10.00     0.067
e11_17                7.5     0.027     0.000     0.003     0.000      8.00     0.053
e11_17                8.0     0.023     0.000     0.003     0.000      7.00     0.047
e11_17                8.5     0.020     0.000     0.000     0.000       inf     0.040
e11_17                9.0     0.017     0.000     0.000     0.000       inf     0.033
e11_17                9.5     0.010     0.000     0.000     0.000       inf     0.020
e17_24               -2.0     4.053     0.530    56.353    11.690      0.08     9.167
e17_24               -1.5     3.997     0.350    35.277     6.433      0.12     8.693
e17_24               -1.0     3.957     0.297    28.963     5.110      0.15     8.507
e17_24               -0.5     3.907     0.227    22.830     3.923      0.18     8.267
e17_24                0.0     3.883     0.163    17.373     2.847      0.23     8.093
e17_24                0.5     3.827     0.130    12.667     1.950      0.31     7.913
e17_24                1.0     3.693     0.080     8.700     1.337      0.43     7.547
e17_24                1.5     3.433     0.067     5.870     0.960      0.60     7.000
e17_24                2.0     2.933     0.027     3.950     0.647      0.75     5.920
e17_24                2.5     2.330     0.013     2.447     0.437      0.96     4.687
e17_24                3.0     1.680     0.007     1.460     0.270      1.16     3.373
e17_24                3.5     0.950     0.003     0.833     0.133      1.14     1.907
e17_24                4.0     0.113     0.000     0.273     0.020      0.41     0.227
e17_24                4.5     0.107     0.000     0.180     0.010      0.59     0.213
e17_24                5.0     0.103     0.000     0.107     0.003      0.97     0.207
e17_24                5.5     0.093     0.000     0.053     0.003      1.75     0.187
e17_24                6.0     0.087     0.000     0.033     0.000      2.60     0.173
e17_24                6.5     0.077     0.000     0.023     0.000      3.29     0.153
e17_24                7.0     0.067     0.000     0.010     0.000      6.67     0.133
e17_24                7.5     0.057     0.000     0.003     0.000     17.00     0.113
e17_24                8.0     0.040     0.000     0.003     0.000     12.00     0.080
e17_24                8.5     0.017     0.000     0.000     0.000       inf     0.033
e17_24                9.0     0.013     0.000     0.000     0.000       inf     0.027
e17_24                9.5     0.007     0.000     0.000     0.000       inf     0.013
e17_24               10.0     0.003     0.000     0.000     0.000       inf     0.007
e24_up               -2.0     0.183     0.007    24.770     1.270      0.01     0.380
e24_up               -1.5     0.170     0.003     9.670     0.410      0.02     0.347
e24_up               -1.0     0.163     0.003     7.370     0.290      0.02     0.333
e24_up               -0.5     0.163     0.003     5.557     0.240      0.03     0.333
e24_up                0.0     0.160     0.003     4.160     0.197      0.04     0.327
e24_up                0.5     0.160     0.000     2.977     0.153      0.05     0.320
e24_up                1.0     0.150     0.000     1.973     0.113      0.08     0.300
e24_up                1.5     0.140     0.000     1.333     0.093      0.10     0.280
e24_up                2.0     0.130     0.000     0.893     0.070      0.15     0.260
e24_up                2.5     0.107     0.000     0.577     0.053      0.18     0.213
e24_up                3.0     0.083     0.000     0.377     0.040      0.22     0.167
e24_up                3.5     0.043     0.000     0.203     0.023      0.21     0.087
e24_up                4.0     0.000     0.000     0.060     0.003      0.00     0.000
e24_up                4.5     0.000     0.000     0.027     0.003      0.00     0.000
e24_up                5.0     0.000     0.000     0.023     0.003      0.00     0.000
e24_up                5.5     0.000     0.000     0.013     0.000      0.00     0.000
e24_up                6.0     0.000     0.000     0.013     0.000      0.00     0.000
e24_up                6.5     0.000     0.000     0.003     0.000      0.00     0.000
e24_up                7.0     0.000     0.000     0.003     0.000      0.00     0.000
  (dupTCgain = 2 x A retired: the seed row AND its partner both stop being duplicates; upper bound, exact when the sim has exactly 2 TCs)
