=== bestChainLogit(-RPSA) : predicted per-band dup rate and efficiency cost ===
band        thr        A        B        C    dupRate      d_eff      vsLST
BARREL     -2.0    7.737   40.330    1.290    0.00451   -0.01896   -0.00520
BARREL     -1.5    7.723   37.717    1.230    0.00454   -0.01774   -0.00517
BARREL     -1.0    7.694   33.983    1.130    0.00462   -0.01598   -0.00509
BARREL     -0.5    7.644   28.443    1.033    0.00475   -0.01337   -0.00496
BARREL      0.0    7.570   21.670    0.860    0.00496   -0.01019   -0.00475
BARREL      0.5    7.427   15.533    0.570    0.00541   -0.00730   -0.00430
BARREL      1.0    7.154   10.967    0.337    0.00634   -0.00516   -0.00337
BARREL      1.5    6.714    7.677    0.217    0.00784   -0.00361   -0.00187
BARREL      2.0    6.013    5.403    0.157    0.01026   -0.00254   +0.00055
BARREL      2.5    5.240    3.697    0.120    0.01291   -0.00174   +0.00320
BARREL      3.0    4.307    2.357    0.087    0.01610   -0.00111   +0.00639
BARREL      3.5    3.117    1.310    0.067    0.02016   -0.00062   +0.01045
BARREL      4.0    1.386    0.520    0.027    0.02604   -0.00024   +0.01633
BARREL      4.5    1.137    0.293    0.017    0.02688   -0.00014   +0.01717
BARREL      5.0    0.753    0.137    0.013    0.02817   -0.00006   +0.01846
TRANS      -2.0    3.334   19.157    2.097    0.00806   -0.00990   -0.00502
TRANS      -1.5    3.330   18.463    1.913    0.00806   -0.00954   -0.00502
TRANS      -1.0    3.320   17.417    1.703    0.00810   -0.00900   -0.00498
TRANS      -0.5    3.290   15.617    1.450    0.00824   -0.00807   -0.00484
TRANS       0.0    3.270   13.113    1.110    0.00830   -0.00678   -0.00478
TRANS       0.5    3.237   10.093    0.743    0.00842   -0.00522   -0.00466
TRANS       1.0    3.174    7.103    0.513    0.00874   -0.00367   -0.00434
TRANS       1.5    2.964    4.677    0.353    0.01003   -0.00242   -0.00305
TRANS       2.0    2.707    3.103    0.220    0.01163   -0.00160   -0.00145
TRANS       2.5    2.290    1.960    0.133    0.01424   -0.00101   +0.00116
TRANS       3.0    1.824    1.153    0.097    0.01717   -0.00060   +0.00409
TRANS       3.5    1.096    0.673    0.053    0.02174   -0.00035   +0.00866
TRANS       4.0    0.103    0.263    0.033    0.02794   -0.00014   +0.01486
TRANS       4.5    0.070    0.143    0.027    0.02813   -0.00007   +0.01505
TRANS       5.0    0.037    0.033    0.017    0.02833   -0.00002   +0.01525
ENDCAP     -2.0    4.966  101.243   15.490    0.06663   -0.02291   -0.01823
ENDCAP     -1.5    4.766   74.453   11.980    0.06510   -0.01685   -0.01976
ENDCAP     -1.0    4.673   66.850   10.743    0.06473   -0.01513   -0.02013
ENDCAP     -0.5    4.573   58.047    9.073    0.06429   -0.01314   -0.02057
ENDCAP      0.0    4.407   47.753    7.150    0.06387   -0.01081   -0.02099
ENDCAP      0.5    4.237   37.310    5.273    0.06346   -0.00844   -0.02140
ENDCAP      1.0    4.003   27.150    3.717    0.06320   -0.00614   -0.02166
ENDCAP      1.5    3.697   18.333    2.570    0.06317   -0.00415   -0.02169
ENDCAP      2.0    3.150   12.330    1.713    0.06371   -0.00279   -0.02115
ENDCAP      2.5    2.577    8.117    1.140    0.06441   -0.00184   -0.02045
ENDCAP      3.0    1.943    5.453    0.803    0.06531   -0.00123   -0.01955
ENDCAP      3.5    1.237    3.510    0.533    0.06637   -0.00079   -0.01849
ENDCAP      4.0    0.396    2.007    0.287    0.06767   -0.00045   -0.01719
ENDCAP      4.5    0.287    1.187    0.143    0.06780   -0.00027   -0.01706
ENDCAP      5.0    0.146    0.467    0.057    0.06799   -0.00011   -0.01687

=== bestSeedlessInWin(-XCT) : predicted per-band dup rate and efficiency cost ===
band        thr        A        B        C    dupRate      d_eff      vsLST
BARREL     -2.0    6.690   19.210    0.627    0.00810   -0.00903   -0.00161
BARREL     -1.5    6.060   10.603    0.393    0.01019   -0.00499   +0.00048
BARREL     -1.0    5.970    8.963    0.307    0.01048   -0.00421   +0.00077
BARREL     -0.5    5.876    7.557    0.250    0.01078   -0.00355   +0.00107
BARREL      0.0    5.816    6.237    0.197    0.01096   -0.00293   +0.00125
BARREL      0.5    5.670    4.947    0.150    0.01145   -0.00233   +0.00174
BARREL      1.0    5.413    3.930    0.120    0.01232   -0.00185   +0.00261
BARREL      1.5    4.997    3.027    0.093    0.01374   -0.00142   +0.00403
BARREL      2.0    4.370    2.273    0.077    0.01588   -0.00107   +0.00617
BARREL      2.5    3.616    1.683    0.063    0.01846   -0.00079   +0.00875
BARREL      3.0    2.737    1.063    0.050    0.02146   -0.00050   +0.01175
BARREL      3.5    1.603    0.473    0.027    0.02530   -0.00022   +0.01559
TRANS      -2.0    3.247   10.290    1.020    0.00837   -0.00532   -0.00471
TRANS      -1.5    3.213    7.233    0.513    0.00849   -0.00374   -0.00459
TRANS      -1.0    3.204    6.240    0.400    0.00852   -0.00323   -0.00456
TRANS      -0.5    3.180    5.300    0.303    0.00865   -0.00274   -0.00443
TRANS       0.0    3.153    4.253    0.227    0.00879   -0.00220   -0.00429
TRANS       0.5    3.120    3.320    0.160    0.00898   -0.00172   -0.00410
TRANS       1.0    3.050    2.460    0.100    0.00940   -0.00127   -0.00368
TRANS       1.5    2.853    1.760    0.080    0.01064   -0.00091   -0.00244
TRANS       2.0    2.596    1.263    0.063    0.01226   -0.00065   -0.00082
TRANS       2.5    2.190    0.817    0.047    0.01482   -0.00042   +0.00174
TRANS       3.0    1.727    0.477    0.030    0.01774   -0.00025   +0.00466
TRANS       3.5    1.003    0.243    0.010    0.02229   -0.00013   +0.00921
ENDCAP     -2.0    4.123   30.903    5.553    0.06331   -0.00699   -0.02155
ENDCAP     -1.5    4.023   19.540    2.870    0.06269   -0.00442   -0.02217
ENDCAP     -1.0    3.990   16.603    2.323    0.06256   -0.00376   -0.02230
ENDCAP     -0.5    3.943   13.903    1.913    0.06247   -0.00315   -0.02239
ENDCAP      0.0    3.904   11.427    1.527    0.06238   -0.00259   -0.02248
ENDCAP      0.5    3.840    8.887    1.193    0.06233   -0.00201   -0.02253
ENDCAP      1.0    3.706    6.430    0.863    0.06240   -0.00146   -0.02246
ENDCAP      1.5    3.443    4.597    0.673    0.06274   -0.00104   -0.02212
ENDCAP      2.0    2.940    3.213    0.530    0.06350   -0.00073   -0.02136
ENDCAP      2.5    2.310    2.030    0.387    0.06448   -0.00046   -0.02038
ENDCAP      3.0    1.630    1.183    0.233    0.06556   -0.00027   -0.01930
ENDCAP      3.5    0.880    0.557    0.117    0.06677   -0.00013   -0.01809

=== bidMarginInWin : predicted per-band dup rate and efficiency cost ===
band        thr        A        B        C    dupRate      d_eff      vsLST
BARREL     -2.0    6.690   19.210    0.627    0.00810   -0.00903   -0.00161
BARREL     -1.5    5.840    6.817    0.203    0.01089   -0.00321   +0.00118
BARREL     -1.0    5.727    5.897    0.180    0.01127   -0.00277   +0.00156
BARREL     -0.5    5.540    5.053    0.147    0.01190   -0.00238   +0.00219
BARREL      0.0    5.106    3.957    0.103    0.01338   -0.00186   +0.00367
BARREL      0.5    4.746    3.260    0.090    0.01461   -0.00153   +0.00490
BARREL      1.0    4.387    2.640    0.080    0.01584   -0.00124   +0.00613
BARREL      1.5    4.023    2.173    0.073    0.01708   -0.00102   +0.00737
BARREL      2.0    3.557    1.727    0.063    0.01867   -0.00081   +0.00896
BARREL      2.5    3.087    1.360    0.050    0.02027   -0.00064   +0.01056
BARREL      3.0    2.607    1.063    0.040    0.02190   -0.00050   +0.01219
BARREL      3.5    2.170    0.830    0.030    0.02338   -0.00039   +0.01367
BARREL      4.0    1.693    0.607    0.023    0.02500   -0.00029   +0.01529
BARREL      4.5    1.283    0.433    0.013    0.02639   -0.00020   +0.01668
BARREL      5.0    0.913    0.313    0.010    0.02764   -0.00015   +0.01793
BARREL      5.5    0.697    0.257    0.003    0.02837   -0.00012   +0.01866
BARREL      6.0    0.583    0.217    0.003    0.02875   -0.00010   +0.01904
BARREL      6.5    0.470    0.190    0.003    0.02914   -0.00009   +0.01943
BARREL      7.0    0.403    0.183    0.003    0.02936   -0.00009   +0.01965
BARREL      7.5    0.380    0.177    0.003    0.02944   -0.00008   +0.01973
BARREL      8.0    0.357    0.177    0.003    0.02952   -0.00008   +0.01981
BARREL      8.5    0.343    0.170    0.003    0.02957   -0.00008   +0.01986
BARREL      9.0    0.343    0.170    0.003    0.02957   -0.00008   +0.01986
TRANS      -2.0    3.247   10.290    1.020    0.00837   -0.00532   -0.00471
TRANS      -1.5    3.020    3.527    0.210    0.00963   -0.00182   -0.00345
TRANS      -1.0    2.940    3.010    0.170    0.01012   -0.00156   -0.00296
TRANS      -0.5    2.770    2.520    0.137    0.01120   -0.00130   -0.00188
TRANS       0.0    2.256    1.670    0.090    0.01445   -0.00086   +0.00137
TRANS       0.5    1.900    1.083    0.073    0.01668   -0.00056   +0.00360
TRANS       1.0    1.763    0.900    0.060    0.01754   -0.00047   +0.00446
TRANS       1.5    1.663    0.770    0.043    0.01816   -0.00040   +0.00508
TRANS       2.0    1.503    0.623    0.030    0.01916   -0.00032   +0.00608
TRANS       2.5    1.327    0.497    0.023    0.02027   -0.00026   +0.00719
TRANS       3.0    1.087    0.400    0.017    0.02177   -0.00021   +0.00869
TRANS       3.5    0.913    0.283    0.017    0.02286   -0.00015   +0.00978
TRANS       4.0    0.743    0.227    0.013    0.02392   -0.00012   +0.01084
TRANS       4.5    0.590    0.190    0.013    0.02488   -0.00010   +0.01180
TRANS       5.0    0.460    0.153    0.010    0.02569   -0.00008   +0.01261
TRANS       5.5    0.377    0.137    0.010    0.02621   -0.00007   +0.01313
TRANS       6.0    0.303    0.133    0.010    0.02667   -0.00007   +0.01359
TRANS       6.5    0.277    0.133    0.010    0.02684   -0.00007   +0.01376
TRANS       7.0    0.253    0.133    0.010    0.02699   -0.00007   +0.01391
TRANS       7.5    0.237    0.133    0.010    0.02709   -0.00007   +0.01401
TRANS       8.0    0.227    0.133    0.007    0.02715   -0.00007   +0.01407
TRANS       8.5    0.223    0.133    0.007    0.02717   -0.00007   +0.01409
TRANS       9.0    0.220    0.133    0.007    0.02719   -0.00007   +0.01411
ENDCAP     -2.0    4.123   30.903    5.553    0.06331   -0.00699   -0.02155
ENDCAP     -1.5    3.190    8.027    1.113    0.06337   -0.00182   -0.02149
ENDCAP     -1.0    2.880    6.533    0.837    0.06380   -0.00148   -0.02106
ENDCAP     -0.5    2.226    4.880    0.620    0.06479   -0.00110   -0.02007
ENDCAP      0.0    0.733    1.190    0.283    0.06706   -0.00027   -0.01780
ENDCAP      0.5    0.330    0.290    0.160    0.06768   -0.00007   -0.01718
ENDCAP      1.0    0.277    0.197    0.113    0.06776   -0.00004   -0.01710
ENDCAP      1.5    0.227    0.147    0.083    0.06783   -0.00003   -0.01703
ENDCAP      2.0    0.193    0.113    0.063    0.06789   -0.00003   -0.01697
ENDCAP      2.5    0.157    0.090    0.053    0.06795   -0.00002   -0.01691
ENDCAP      3.0    0.140    0.063    0.043    0.06797   -0.00001   -0.01689
ENDCAP      3.5    0.097    0.047    0.037    0.06804   -0.00001   -0.01682
ENDCAP      4.0    0.070    0.037    0.037    0.06809   -0.00001   -0.01677
ENDCAP      4.5    0.057    0.033    0.030    0.06811   -0.00001   -0.01675
ENDCAP      5.0    0.043    0.033    0.030    0.06813   -0.00001   -0.01673
ENDCAP      5.5    0.033    0.030    0.027    0.06815   -0.00001   -0.01671
ENDCAP      6.0    0.033    0.027    0.027    0.06815   -0.00001   -0.01671
ENDCAP      6.5    0.030    0.027    0.027    0.06815   -0.00001   -0.01671
ENDCAP      7.0    0.030    0.027    0.027    0.06815   -0.00001   -0.01671
ENDCAP      7.5    0.030    0.023    0.027    0.06815   -0.00001   -0.01671
ENDCAP      8.0    0.030    0.023    0.027    0.06815   -0.00001   -0.01671
ENDCAP      8.5    0.030    0.023    0.027    0.06815   -0.00001   -0.01671
ENDCAP      9.0    0.030    0.023    0.027    0.06815   -0.00001   -0.01671

