=== A. FULL 300-EVT TABLE ===
tag                     eff    vxy01      v15     v510    v1030      d15     d510    d1030      dup     fake      nhB      nhT      nhE      nTC
GATE                0.80992  0.84282  0.79459  0.73356  0.74139  0.61650  0.20161  0.03073  0.06230  0.05551  9.80254  9.87906  3.55956   618793
GATE2               0.80992  0.84282  0.79459  0.73356  0.74139  0.61650  0.20161  0.03073  0.06230  0.05551  9.80254  9.87906  3.55956   618793
GATE3               0.80992  0.84282  0.79459  0.73356  0.74139  0.61650  0.20161  0.03073  0.06230  0.05551  9.80254  9.87906  3.55956   618793
GATE4               0.80992  0.84282  0.79459  0.73356  0.74139  0.61650  0.20161  0.03073  0.06230  0.05551  9.80254  9.87906  3.55956   618793
F90                 0.81014  0.84301  0.79532  0.73356  0.74139  0.61650  0.20161  0.03073  0.06233  0.05511  9.80656  9.87911  3.55956   618615
F70                 0.81023  0.84310  0.79532  0.73356  0.74139  0.61650  0.20161  0.03073  0.06249  0.05344  9.81606  9.88784  3.55808   617862
F50                 0.81054  0.84344  0.79532  0.73356  0.74139  0.61650  0.20161  0.03073  0.06263  0.05219  9.82118  9.89257  3.55571   617341
F30                 0.81059  0.84348  0.79532  0.73356  0.74139  0.61650  0.20161  0.03073  0.06274  0.05086  9.82565  9.89856  3.55290   616716
F10                 0.81050  0.84339  0.79532  0.73356  0.74139  0.61650  0.20161  0.03073  0.06297  0.04894  9.82299  9.90481  3.54724   615718
F05                 0.81019  0.84306  0.79532  0.73356  0.74139  0.61650  0.20161  0.03073  0.06320  0.04805  9.81304  9.90498  3.54367   615157
F02                 0.80961  0.84258  0.79094  0.73187  0.74139  0.61650  0.20161  0.03073  0.06342  0.04723  9.78257  9.90560  3.53821   614236
D00                 0.81054  0.84344  0.79532  0.73356  0.74139  0.61650  0.20161  0.03073  0.06265  0.05198  9.82148  9.89359  3.55495   617239
F50R                0.80904  0.84187  0.79459  0.73356  0.74139  0.61650  0.20161  0.03073  0.06224  0.05218  9.84634  9.90027  3.55704   616765
F10X375             0.81006  0.84291  0.79532  0.73356  0.74139  0.61650  0.20161  0.03073  0.06126  0.04896  9.84306  9.92512  3.54948   614930
F10X35              0.80957  0.84244  0.79459  0.73356  0.74139  0.61650  0.20161  0.03073  0.05985  0.04900  9.85825  9.94031  3.55148   614282
F10X3               0.80829  0.84111  0.79313  0.73356  0.74139  0.61650  0.20161  0.03073  0.05746  0.04901  9.88842  9.97017  3.55564   613042
F10RP7              0.81120  0.84415  0.79605  0.73356  0.74139  0.61650  0.20161  0.03073  0.06465  0.04901  9.81939  9.89385  3.53877   616829
F10RP5              0.80727  0.84006  0.79020  0.73187  0.74139  0.61650  0.20161  0.03073  0.06051  0.04876  9.87419  9.95724  3.56167   611960
F10R7X375           0.81076  0.84367  0.79605  0.73356  0.74139  0.61650  0.20161  0.03073  0.06281  0.04903  9.83958  9.91476  3.54136   615991
F10R7X35            0.81028  0.84320  0.79532  0.73356  0.74139  0.61650  0.20161  0.03073  0.06135  0.04906  9.85476  9.93070  3.54354   615315
F10A55              0.81028  0.84315  0.79459  0.73524  0.74139  0.61650  0.20161  0.03073  0.06233  0.05039  9.82347  9.90075  3.55868   616776
F10A5               0.80939  0.84230  0.79240  0.73524  0.74139  0.61650  0.20161  0.03073  0.06163  0.05257  9.82089  9.89574  3.57326   617932
RP3_7               0.81041  0.84334  0.79532  0.73356  0.74139  0.61650  0.20161  0.03073  0.06281  0.05553  9.80138  9.87306  3.55455   619447
RP3A7               0.80900  0.84196  0.78874  0.73356  0.74139  0.61650  0.20161  0.03073  0.06452  0.04970  9.81106  9.90474  3.52946   613782
AT3Z5               0.80948  0.84239  0.79313  0.73356  0.74139  0.61650  0.20161  0.03073  0.06205  0.05964  9.80261  9.88353  3.58917   621077
AT3T7               0.80798  0.84092  0.78801  0.73356  0.74139  0.61650  0.20161  0.03073  0.06202  0.05222  9.80258  9.97557  3.54546   614103
CCK3                0.80984  0.84272  0.79459  0.73356  0.74139  0.61650  0.20161  0.03073  0.06230  0.05553  9.80259  9.87903  3.55947   618811
F10CCK3             0.81037  0.84325  0.79532  0.73356  0.74139  0.61650  0.20161  0.03073  0.06297  0.04899  9.82288  9.90499  3.54714   615732
F30X35              0.80966  0.84253  0.79459  0.73356  0.74139  0.61650  0.20161  0.03073  0.05965  0.05092  9.86054  9.93380  3.55710   615289
LST(base)           0.80988  0.84296  0.77193  0.65430  0.66453  0.55407  0.20968  0.05674  0.05179  0.04476 10.14804 10.01546  3.56248   608190

=== B. PER REGION 300 ===
tag                    effB     effT     effE     dupB     dupT     dupE     fakB     fakT     fakE    nhAll      nhB      nhT      nhE     nSim      nTC
GATE                0.92660  0.88213  0.74496  0.04344  0.03431  0.08106  0.06680  0.06903  0.04525  6.44117  9.80254  9.87906  3.55956    62555   618793
F90                 0.92717  0.88213  0.74496  0.04354  0.03428  0.08106  0.06547  0.06903  0.04525  6.44115  9.80656  9.87911  3.55956    62555   618615
F70                 0.92739  0.88187  0.74507  0.04383  0.03431  0.08113  0.06191  0.06677  0.04482  6.44061  9.81606  9.88784  3.55808    62555   617862
F50                 0.92751  0.88264  0.74540  0.04405  0.03434  0.08125  0.05959  0.06517  0.04427  6.43925  9.82118  9.89257  3.55571    62555   617341
F30                 0.92751  0.88289  0.74540  0.04423  0.03432  0.08132  0.05732  0.06331  0.04361  6.43761  9.82565  9.89856  3.55290    62555   616716
F10                 0.92682  0.88315  0.74573  0.04456  0.03455  0.08146  0.05480  0.06023  0.04239  6.43196  9.82299  9.90481  3.54724    62555   615718
F05                 0.92569  0.88264  0.74629  0.04479  0.03504  0.08160  0.05406  0.05868  0.04162  6.42562  9.81304  9.90498  3.54367    62555   615157
F02                 0.92421  0.88187  0.74662  0.04517  0.03531  0.08169  0.05362  0.05706  0.04084  6.41071  9.78257  9.90560  3.53821    62555   614236
D00                 0.92751  0.88264  0.74540  0.04408  0.03435  0.08125  0.05933  0.06480  0.04413  6.43877  9.82148  9.89359  3.55495    62555   617239
F50R                0.92466  0.88136  0.74496  0.04288  0.03426  0.08115  0.05968  0.06512  0.04423  6.44626  9.84634  9.90027  3.55704    62555   616765
F10X375             0.92603  0.88264  0.74562  0.04178  0.03145  0.08073  0.05487  0.06034  0.04237  6.44017  9.84306  9.92512  3.54948    62555   614930
F10X35              0.92523  0.88213  0.74540  0.03954  0.02923  0.07998  0.05495  0.06042  0.04237  6.44667  9.85825  9.94031  3.55148    62555   614282
F10RP7              0.92705  0.88391  0.74695  0.04494  0.03553  0.08402  0.05480  0.06022  0.04253  6.42178  9.81939  9.89385  3.53877    62555   616829
F10R7X375           0.92625  0.88340  0.74684  0.04214  0.03227  0.08311  0.05487  0.06033  0.04250  6.43042  9.83958  9.91476  3.54136    62555   615991
AT3Z5               0.92660  0.88187  0.74396  0.04344  0.03431  0.08045  0.06680  0.06884  0.05299  6.44638  9.80261  9.88353  3.58917    62555   621077
AT3T7               0.92637  0.87322  0.74418  0.04343  0.03258  0.08099  0.06681  0.06118  0.04149  6.44535  9.80258  9.97557  3.54546    62555   614103
CCK3                0.92660  0.88213  0.74474  0.04343  0.03428  0.08108  0.06673  0.06905  0.04531  6.44101  9.80259  9.87903  3.55947    62555   618811
F10CCK3             0.92671  0.88315  0.74551  0.04456  0.03455  0.08147  0.05481  0.06028  0.04247  6.43180  9.82288  9.90499  3.54714    62555   615732
LST(base)           0.92557  0.88187  0.74596  0.00989  0.01264  0.08556  0.04249  0.04454  0.04603  6.51865 10.14804 10.01546  3.56248    62555   608190

=== C. 977 ===
tag                     eff    vxy01      v15     v510    v1030      d15     d510    d1030      dup     fake      nhB      nhT      nhE      nTC
W_F10               0.80987  0.84230  0.80154  0.72111  0.71474  0.58320  0.24521  0.03151  0.06252  0.04940  9.82275  9.90927  3.54483  2023552
LST(base)           0.80987  0.84285  0.77719  0.64422  0.62567  0.51042  0.22906  0.05402  0.05138  0.04538 10.14984 10.00937  3.55665  1998494
tag                    effB     effT     effE     dupB     dupT     dupE     fakB     fakT     fakE    nhAll      nhB      nhT      nhE     nSim      nTC
W_F10               0.92539  0.88103  0.74508  0.04393  0.03413  0.08112  0.05542  0.06032  0.04287  6.43348  9.82275  9.90927  3.54483   204388  2023552
LST(base)           0.92430  0.88004  0.74658  0.00971  0.01308  0.08486  0.04365  0.04542  0.04630  6.51862 10.14984 10.00937  3.55665   204388  1998494
