tag              eff     v15    v510   v1030     d15  d510    fake     dup |    dupB    dupT    dupE     nTC |    nhb    nht    nhe |  ms/ev   nev  FLOORS
----------------------------------------------------------------------------------------------------------------------------------------------------------
gdef         0.80175 0.78516 0.71293 0.69608 0.54185    71 0.05363 0.06428 | 0.01568 0.02823 0.10010  616467 | 10.044  9.986  3.679 |  263.2   300  FAIL:eff,v15,v510,v1030,d15,fake
gfl          0.81325 0.80424 0.72871 0.71895 0.56330    71 0.04743 0.05708 | 0.01396 0.02305 0.09017  616650 |  9.794  9.698  3.417 |  265.2   300  PASS
lfl3         0.81325 0.80424 0.72871 0.71895 0.56330    71 0.04743 0.05708 | 0.01396 0.02305 0.09017  616650 |  9.794  9.698  3.417 |  267.1   300  PASS
w25          0.81316 0.80424 0.72871 0.71895 0.56116    71 0.04728 0.05683 | 0.01392 0.02238 0.08992  616444 |  9.794  9.698  3.416 |  265.6   300  FAIL:d15
w20          0.81241 0.80707 0.72397 0.71160 0.55365    70 0.04344 0.05221 | 0.01176 0.01349 0.08497  612057 |  9.795  9.692  3.390 |  262.8   300  FAIL:eff,v510,v1030,d15,d510
w15          0.81092 0.80353 0.72240 0.69690 0.54506    69 0.03999 0.05058 | 0.01027 0.01105 0.08324  608910 |  9.795  9.687  3.378 |  261.9   300  FAIL:eff,v510,v1030,d15,d510
w12          0.81092 0.80353 0.72240 0.69690 0.54399    69 0.03990 0.05037 | 0.01025 0.01102 0.08289  608780 |  9.795  9.687  3.376 |  260.9   300  FAIL:eff,v510,v1030,d15,d510
xp3_4        0.81325 0.80424 0.72871 0.71895 0.56330    71 0.04743 0.05708 | 0.01396 0.02305 0.09017  616650 |  9.794  9.698  3.417 |  269.5   300  PASS
xp3_2        0.81118 0.79717 0.72397 0.71895 0.56330    71 0.04698 0.05595 | 0.01243 0.02184 0.08919  615166 |  9.810  9.708  3.414 |  268.4   300  FAIL:eff,v15,v510
wz11_20      0.81268 0.80636 0.72555 0.71650 0.56438    70 0.04548 0.05275 | 0.01396 0.01351 0.08497  613716 |  9.794  9.692  3.390 |  266.3   300  FAIL:eff,v510,v1030,d510
wz11_15      0.81215 0.80636 0.72555 0.71487 0.56330    70 0.04448 0.05142 | 0.01395 0.01106 0.08324  612431 |  9.794  9.687  3.378 |  264.7   300  FAIL:eff,v510,v1030,d510
wz15_20      0.81307 0.80495 0.72871 0.71895 0.56330    71 0.04657 0.05342 | 0.01396 0.01821 0.08497  614823 |  9.794  9.696  3.390 |  267.8   300  PASS
wz15_15      0.81268 0.80495 0.72871 0.71895 0.56330    71 0.04600 0.05233 | 0.01396 0.01743 0.08324  614006 |  9.794  9.695  3.378 |  265.0   300  FAIL:eff
wz17_20      0.81303 0.80495 0.72871 0.71895 0.56330    71 0.04685 0.05416 | 0.01396 0.02302 0.08498  615279 |  9.794  9.698  3.390 |  265.2   300  PASS
wz14_20L     0.81285 0.80565 0.72713 0.71814 0.56223    72 0.04652 0.05343 | 0.01384 0.01756 0.08521  614709 |  9.830  9.743  3.425 |  265.9   300  PASS
wz11_20fce   0.81276 0.80424 0.72871 0.71814 0.56438    71 0.04735 0.05562 | 0.01396 0.01918 0.08861  616083 |  9.794  9.696  3.411 |  265.9   300  PASS
wz15_20fce   0.81316 0.80424 0.72871 0.71895 0.56330    71 0.04743 0.05587 | 0.01396 0.02083 0.08861  616269 |  9.794  9.698  3.411 |  265.8   300  PASS
wz15_15Lfce  0.81285 0.80424 0.72871 0.71895 0.56223    72 0.04745 0.05518 | 0.01389 0.02008 0.08763  615987 |  9.816  9.731  3.425 |  266.2   300  PASS
wz15_fbc0    0.81316 0.80495 0.72871 0.71895 0.56330    71 0.04702 0.05550 | 0.01396 0.02223 0.08758  615864 |  9.794  9.699  3.407 |  266.8   300  PASS
wz15_20fbc   0.81303 0.80495 0.72871 0.71895 0.56330    71 0.04637 0.05286 | 0.01396 0.01799 0.08404  614508 |  9.794  9.697  3.386 |  266.1   300  PASS
wz15_20L     0.81290 0.80495 0.72871 0.71895 0.56223    72 0.04667 0.05352 | 0.01384 0.01821 0.08521  614865 |  9.830  9.743  3.425 |  267.1   300  PASS
wz15_20L3    0.81307 0.80495 0.72871 0.71895 0.56223    72 0.04664 0.05344 | 0.01389 0.01814 0.08505  614845 |  9.816  9.730  3.410 |  266.4   300  PASS
wz15_20n3    0.81294 0.80495 0.72871 0.71895 0.56223    72 0.04668 0.05359 | 0.01384 0.01822 0.08532  614902 |  9.830  9.743  3.426 |  265.7   300  PASS
wz15_20L3fbc 0.81303 0.80495 0.72871 0.71895 0.56223    72 0.04644 0.05282 | 0.01389 0.01787 0.08404  614505 |  9.816  9.731  3.405 |  266.1   300  PASS
wz15_20Lfbc  0.81285 0.80495 0.72871 0.71895 0.56223    72 0.04645 0.05288 | 0.01384 0.01793 0.08415  614508 |  9.830  9.743  3.420 |  265.6   300  PASS
wz15_20Lfbcn3 0.81290 0.80495 0.72871 0.71895 0.56223    72 0.04646 0.05295 | 0.01384 0.01795 0.08427  614545 |  9.830  9.744  3.421 |  265.6   300  PASS
wz15_20Lfbcbt4 0.81263 0.80495 0.72871 0.71895 0.56116    72 0.04648 0.05289 | 0.01381 0.01781 0.08422  614508 |  9.844  9.764  3.432 |  265.3   300  FAIL:eff,d15
wz15_15L     0.81246 0.80495 0.72871 0.71895 0.56223    72 0.04604 0.05216 | 0.01384 0.01726 0.08303  613909 |  9.830  9.742  3.410 |  265.6   300  FAIL:eff
wz15_15L3    0.81263 0.80495 0.72871 0.71895 0.56223    72 0.04604 0.05218 | 0.01389 0.01722 0.08306  613935 |  9.816  9.729  3.396 |  265.3   300  FAIL:eff
wz15_20Lfb19 0.81254 0.80353 0.72871 0.71895 0.56223    72 0.04595 0.05142 | 0.01384 0.01674 0.08186  613557 |  9.830  9.743  3.405 |  264.5   300  FAIL:eff
fb19L3       0.81272 0.80353 0.72871 0.71895 0.56223    72 0.04595 0.05144 | 0.01389 0.01670 0.08188  613583 |  9.816  9.730  3.391 |  264.5   300  PASS
fb19n3       0.81259 0.80353 0.72871 0.71895 0.56223    72 0.04595 0.05148 | 0.01384 0.01674 0.08197  613592 |  9.830  9.744  3.406 |  263.8   300  FAIL:eff
fb19fce      0.81254 0.80283 0.72871 0.71895 0.56223    72 0.04604 0.05155 | 0.01384 0.01673 0.08211  613675 |  9.830  9.744  3.407 |  264.4   300  FAIL:eff
wz17fb19     0.81263 0.80353 0.72871 0.71895 0.56223    72 0.04643 0.05230 | 0.01384 0.02243 0.08188  614218 |  9.830  9.745  3.405 |  264.6   300  FAIL:eff
