=== A06 FINAL SCOREBOARD -- 300 evt, headline + displaced bands
tag                     eff    vxy01      v15     v510    v1030      d15     d510    d1030      dup     fake      nhB      nhT      nhE      nTC
GATE                0.80992  0.84282  0.79459  0.73356  0.74139  0.61650  0.20161  0.03073  0.06230  0.05551  9.80254  9.87906  3.55956   618793
D_R4                0.80992  0.84282  0.79459  0.73187  0.74139  0.61650  0.20161  0.03073  0.06225  0.05562  9.82740  9.92989  3.56567   618788
H_R6                0.80979  0.84268  0.79459  0.73187  0.74059  0.61538  0.20161  0.03073  0.06224  0.05567  9.82585  9.93821  3.56752   618785
H_R10               0.80970  0.84258  0.79459  0.73187  0.74059  0.61538  0.20161  0.03073  0.06223  0.05572  9.82503  9.93873  3.56849   618784
D_W50               0.80975  0.84263  0.79313  0.73524  0.74139  0.61650  0.20161  0.03073  0.06226  0.05563  9.81657  9.99889  3.57459   618780
D_WF12              0.80984  0.84272  0.79240  0.73524  0.74139  0.61650  0.20161  0.03073  0.06222  0.05566  9.80759  9.99333  3.57817   618779
H_W50U              0.80975  0.84263  0.79240  0.73524  0.74219  0.61761  0.20161  0.03073  0.06223  0.05569  9.83788 10.05883  3.58191   618770
E_W50               0.80975  0.84263  0.79167  0.73356  0.74139  0.61650  0.20161  0.03073  0.06218  0.05585  9.84872 10.09403  3.59047   618766
H_W50L5             0.80988  0.84272  0.79240  0.73356  0.73899  0.61538  0.20161  0.03073  0.06219  0.05584  9.85553 10.11530  3.60146   618759
J_N2J2              0.80975  0.84263  0.79167  0.73356  0.74139  0.61650  0.20161  0.03073  0.06218  0.05587  9.86343 10.10721  3.59259   618762
H_W50R6             0.80961  0.84249  0.79167  0.73356  0.74059  0.61538  0.20161  0.03073  0.06217  0.05594  9.84665 10.10964  3.59347   618761
G_WWUF              0.80939  0.84225  0.79313  0.73524  0.74219  0.61761  0.20161  0.03073  0.06215  0.05587  9.86565 10.22443  3.60740   618734
H_WWU5F             0.80953  0.84239  0.79313  0.73524  0.74219  0.61761  0.20161  0.03073  0.06215  0.05580  9.86297 10.19622  3.60221   618739
G_W75               0.80926  0.84211  0.79020  0.73356  0.74059  0.61538  0.20161  0.03073  0.06210  0.05615  9.88347 10.27150  3.62258   618728
G_WWF               0.80922  0.84211  0.78947  0.73356  0.74139  0.61650  0.20161  0.03073  0.06207  0.05616  9.88158 10.28826  3.62360   618721
G_WWU               0.80895  0.84177  0.79313  0.73187  0.74139  0.61650  0.20161  0.03073  0.06208  0.05629  9.91212 10.35603  3.64688   618696
E_WW                0.80864  0.84149  0.78947  0.73019  0.74059  0.61538  0.20161  0.03073  0.06198  0.05675  9.93616 10.44341  3.67222   618677
G_L8                0.80948  0.84230  0.79240  0.73356  0.73819  0.61315  0.20161  0.03073  0.06202  0.05593  9.86676 10.14528  3.61410   618693
L_L5                0.81006  0.84291  0.79532  0.73356  0.73899  0.61538  0.20161  0.03073  0.06231  0.05550  9.81074  9.90244  3.57154   618782
E_E3                0.80944  0.84230  0.79386  0.73187  0.73259  0.60535  0.20161  0.03073  0.06211  0.05623  9.91409  9.92226  3.56748   618755
C_E2                0.80944  0.84230  0.79386  0.73187  0.73339  0.60647  0.20161  0.03073  0.06212  0.05611  9.83437  9.77293  3.53788   618776
D_E3F               0.80966  0.84253  0.79459  0.73187  0.73339  0.60758  0.20161  0.03073  0.06219  0.05592  9.86269  9.84789  3.55872   618775
D_F10               0.80957  0.84244  0.79240  0.73356  0.73499  0.60201  0.19758  0.03073  0.06203  0.05628  9.89381  9.97144  3.57896   618749
D_F08               0.80997  0.84287  0.79386  0.73356  0.74219  0.61427  0.20161  0.03073  0.06227  0.05552  9.77420  9.79841  3.55634   618791
C_AF                0.80939  0.84225  0.79240  0.73187  0.73419  0.60089  0.19758  0.03073  0.06190  0.05659  9.92181 10.04637  3.58936   618735
C_AC                0.80953  0.84239  0.79313  0.73019  0.73339  0.59866  0.19758  0.03073  0.06207  0.05629  9.92180 10.02259  3.58106   618747
C_AU                0.80939  0.84225  0.79167  0.72850  0.73259  0.59420  0.19355  0.03073  0.06195  0.05653  9.92410 10.12016  3.59744   618727
C_A                 0.80900  0.84182  0.79094  0.72850  0.72858  0.58974  0.19355  0.03073  0.06175  0.05723  9.97883 10.16698  3.60730   618704
C_B                 0.80771  0.84049  0.78801  0.72344  0.71817  0.57748  0.18952  0.03073  0.06134  0.05883 10.08694 10.53127  3.69457   618586
E_S0                0.80930  0.84215  0.79459  0.73356  0.73899  0.61538  0.20161  0.03073  0.06211  0.05630  9.81648  9.92546  3.56545   618776
E_J2                0.80992  0.84282  0.79459  0.73356  0.74139  0.61650  0.20161  0.03073  0.06230  0.05552  9.80676  9.87999  3.55956   618793
E_N2                0.80992  0.84282  0.79459  0.73356  0.74139  0.61650  0.20161  0.03073  0.06230  0.05551  9.80254  9.88094  3.55992   618792
T_TA3               0.80908  0.84196  0.79313  0.73356  0.74139  0.61538  0.20161  0.03073  0.06263  0.05602  9.86737  9.97928  3.63717   618878
T_TR0               0.80820  0.84115  0.79020  0.72850  0.74059  0.61427  0.20161  0.03073  0.06345  0.05687  9.86707 10.00400  3.71103   619120
T_TL6               0.80811  0.84096  0.79094  0.72850  0.74059  0.61427  0.20161  0.03073  0.06342  0.05685  9.86707 10.00397  3.70305   619127
LST(base)           0.80988  0.84296  0.77193  0.65430  0.66453  0.55407  0.20968  0.05674  0.05179  0.04476 10.14804 10.01546  3.56248   608190

=== A06 FINAL -- 300 evt, per region
tag                    effB     effT     effE     dupB     dupT     dupE     fakB     fakT     fakE      nhB      nhT      nhE
GATE                0.92660  0.88213  0.74496  0.04344  0.03431  0.08106  0.06680  0.06903  0.04525  9.80254  9.87906  3.55956
D_R4                0.92660  0.88187  0.74507  0.04339  0.03411  0.08105  0.06685  0.06966  0.04524  9.82740  9.92989  3.56567
E_W50               0.92660  0.88111  0.74496  0.04338  0.03390  0.08100  0.06708  0.07055  0.04527  9.84872 10.09403  3.59047
H_W50L5             0.92671  0.88136  0.74507  0.04360  0.03334  0.08107  0.06709  0.07046  0.04527  9.85553 10.11530  3.60146
H_WWU5F             0.92637  0.88060  0.74485  0.04334  0.03386  0.08098  0.06714  0.07006  0.04529  9.86297 10.19622  3.60221
E_WW                0.92591  0.87653  0.74485  0.04319  0.03342  0.08087  0.06776  0.07378  0.04559  9.93616 10.44341  3.67222
C_A                 0.92546  0.87933  0.74496  0.04236  0.03338  0.08091  0.07033  0.07243  0.04546  9.97883 10.16698  3.60730
T_TR0               0.92500  0.87958  0.74330  0.04606  0.03506  0.08152  0.06795  0.07170  0.04632  9.86707 10.00400  3.71103
L_L5                0.92671  0.88238  0.74507  0.04366  0.03377  0.08112  0.06682  0.06895  0.04524  9.81074  9.90244  3.57154
LST(base)           0.92557  0.88187  0.74596  0.00989  0.01264  0.08556  0.04249  0.04454  0.04603 10.14804 10.01546  3.56248

=== A06 FINAL -- 977 evt
tag                     eff    vxy01      v15     v510    v1030      d15     d510    d1030      dup     fake      nhB      nhT      nhE      nTC
W_X4                0.80905  0.84144  0.80110  0.72161  0.71474  0.58320  0.24521  0.03151  0.06184  0.05607  9.80064  9.88373  3.55719  2033868
W_R4                0.80896  0.84137  0.80066  0.72111  0.71425  0.58286  0.24521  0.03151  0.06181  0.05619  9.82613  9.93465  3.56308  2033844
W_EW50              0.80873  0.84116  0.79912  0.72111  0.71279  0.58154  0.24521  0.03151  0.06177  0.05641  9.84733 10.10299  3.58851  2033758
W_L5                0.80882  0.84122  0.79934  0.72111  0.71181  0.58088  0.24521  0.03151  0.06170  0.05644  9.85429 10.12562  3.59942  2033710
LST(base)           0.80987  0.84285  0.77719  0.64422  0.62567  0.51042  0.22906  0.05402  0.05138  0.04538 10.14984 10.00937  3.55665  1998494
tag                    effB     effT     effE     dupB     dupT     dupE     fakB     fakT     fakE      nhB      nhT      nhE
W_X4                0.92454  0.87981  0.74436  0.04294  0.03375  0.08069  0.06754  0.06932  0.04578  9.80064  9.88373  3.55719
W_R4                0.92447  0.87935  0.74443  0.04291  0.03366  0.08067  0.06758  0.06997  0.04578  9.82613  9.93465  3.56308
W_EW50              0.92430  0.87875  0.74429  0.04289  0.03350  0.08065  0.06780  0.07085  0.04581  9.84733 10.10299  3.58851
W_L5                0.92430  0.87905  0.74436  0.04303  0.03278  0.08066  0.06783  0.07091  0.04582  9.85429 10.12562  3.59942
LST(base)           0.92430  0.88004  0.74658  0.00971  0.01308  0.08486  0.04365  0.04542  0.04630 10.14984 10.00937  3.55665
