tag              eff   vxy01     v15    v510   v1030     d15    d510     dup    fake      nTC   pxRev   otRev   deliv
P25BASE      0.81303 0.84610 0.80283 0.72713 0.71732 0.56009 0.24912 0.05188 0.04636   614277       -       -       -
x_a6_n1      0.80293 0.83588 0.78587 0.72713 0.71814 0.55901 0.24912 0.04569 0.05829   614970   745.3   373.6   151.0
x_a75_n1     0.80394 0.83683 0.78869 0.72555 0.71814 0.55901 0.24912 0.04762 0.05002   608790   627.9   295.2   117.4
x_a9_n1      0.79960 0.83205 0.78940 0.72397 0.71814 0.55901 0.24912 0.04948 0.04836   601457   513.0   216.8    84.5
x_a11_n1     0.78678 0.81852 0.78163 0.72240 0.71814 0.55901 0.24912 0.05242 0.04846   588811   320.7   110.8    34.0
x_a75_hit1   0.80298 0.83588 0.78728 0.72555 0.71814 0.55901 0.24912 0.04688 0.04969   607730   627.9   298.7   113.8
x_a9_hit1    0.79881 0.83129 0.78799 0.72397 0.71814 0.55901 0.24912 0.04885 0.04828   600753   513.0   219.1    82.1
x_a75_m2o2   0.79222 0.82462 0.77880 0.72397 0.71814 0.55901 0.24912 0.07243 0.05049   606212   627.9   303.7   108.8
x_a75_m3o2   0.79587 0.82841 0.78233 0.72397 0.71814 0.55901 0.24912 0.11114 0.05064   622376   627.9   249.9   162.7
r_off        0.77432 0.80555 0.77173 0.72240 0.71814 0.55901 0.24912 0.05254 0.04905   579968     0.0     0.0     0.0
LST(base)    0.81355 0.84733 0.77314 0.65300 0.62908 0.49893 0.22807 0.05130 0.04550   610581
