proto=fin_ref/r_W_X4_hists.root
base =fin_ref/fin_base977_hists.root
band                    protoRate      pNum      pDen   baseRate      bNum     dRate    dTracks   sigComb    n_sig
------------------------------------------------------------------------------------------------------------------
eff overall(pt>0.9)       0.80905     59693     73782    0.80987     59754  -0.00083        -61   0.00204    -0.40
eff vxy[0,1)              0.84144     57705     68579    0.84285     57802  -0.00141        -97   0.00197    -0.72
eff vxy[1,5)              0.80110      3653      4560    0.77719      3544  +0.02390       +109   0.00854    +2.80
eff vxy[5,10)             0.72161      1436      1990    0.64422      1282  +0.07739       +154   0.01470    +5.26
eff vxy[10,30)            0.71474      2929      4098    0.62567      2564  +0.08907       +365   0.01034    +8.61
eff dxy[0,1)              0.83518     64162     76824    0.82956     63730  +0.00562       +432   0.00191    +2.95
eff dxy[1,5)              0.58320      1763      3023    0.51042      1543  +0.07278       +220   0.01277    +5.70
eff dxy[5,10)             0.24521       243       991    0.22906       227  +0.01615        +16   0.01910    +0.85
eff dxy[10,30)            0.03151        49      1555    0.05402        84  -0.02251        -35   0.00724    -3.11
eff barrel                0.92454     26356     28507    0.92430     26349  +0.00025         +7   0.00221    +0.11
eff transition            0.87981     11566     13146    0.88004     11569  -0.00023         -3   0.00401    -0.06
eff endcap                0.74436     21771     29248    0.74658     21836  -0.00222        -65   0.00360    -0.62
dup overall               0.06184     97618   1578457    0.05138     79971  +0.01047     +17647   0.00026   +40.11
dup barrel                0.04294     20266    471992    0.00971      4434  +0.03323     +15832   0.00033  +101.06
dup transition            0.03375      8576    254069    0.01308      3242  +0.02067      +5334   0.00042   +48.66
dup endcap                0.08069     68776    852396    0.08486     72295  -0.00417      -3519   0.00042    -9.88
fake overall              0.05607     88508   1578457    0.04538     70637  +0.01069     +17871   0.00025   +43.16
fake barrel               0.06754     31876    471992    0.04365     19935  +0.02389     +11941   0.00047   +50.38
fake transition           0.06932     17613    254069    0.04542     11255  +0.02391      +6358   0.00065   +36.51
fake endcap               0.04578     39019    852396    0.04630     39447  -0.00052       -428   0.00032    -1.63
nhitOT overall            6.44243  10169106   1578457    6.51862  10146388  -0.07619     +22718   0.00000    +0.00
nhitOT barrel             9.80064   4625824    471992   10.14984   4635634  -0.34920      -9810   0.00000    +0.00
nhitOT transition         9.88373   2511150    254069   10.00937   2480552  -0.12564     +30598   0.00000    +0.00
nhitOT endcap             3.55719   3032132    852396    3.55665   3030202  +0.00053      +1930   0.00000    +0.00
