proto=fin_ref/r_FINBASE_hists.root
base =rebase_ref/rb_base300_hists.root
band                    protoRate      pNum      pDen   baseRate      bNum     dRate    dTracks   sigComb    n_sig
------------------------------------------------------------------------------------------------------------------
eff overall(pt>0.9)       0.80992     18331     22633    0.80988     18330  +0.00004         +1   0.00369    +0.01
eff vxy[0,1)              0.84282     17727     21033    0.84296     17730  -0.00014         -3   0.00355    -0.04
eff vxy[1,5)              0.79459      1087      1368    0.77193      1056  +0.02266        +31   0.01575    +1.44
eff vxy[5,10)             0.73356       435       593    0.65430       388  +0.07926        +47   0.02667    +2.97
eff vxy[10,30)            0.74139       926      1249    0.66453       830  +0.07686        +96   0.01822    +4.22
eff dxy[0,1)              0.83727     19686     23512    0.83072     19532  +0.00655       +154   0.00343    +1.91
eff dxy[1,5)              0.61650       553       897    0.55407       497  +0.06243        +56   0.02322    +2.69
eff dxy[5,10)             0.20161        50       248    0.20968        52  -0.00806         -2   0.03629    -0.22
eff dxy[10,30)            0.03073        13       423    0.05674        24  -0.02600        -11   0.01403    -1.85
eff barrel                0.92660      8142      8787    0.92557      8133  +0.00102         +9   0.00395    +0.26
eff transition            0.88213      3465      3928    0.88187      3464  +0.00025         +1   0.00728    +0.03
eff endcap                0.74496      6724      9026    0.74596      6733  -0.00100         -9   0.00648    -0.15
dup overall               0.06230     29923    480309    0.05179     24535  +0.01051      +5388   0.00047   +22.14
dup barrel                0.04344      6228    143359    0.00989      1373  +0.03356      +4855   0.00060   +55.90
dup transition            0.03431      2655     77392    0.01264       952  +0.02166      +1703   0.00077   +28.11
dup endcap                0.08106     21040    259558    0.08556     22210  -0.00450      -1170   0.00077    -5.87
fake overall              0.05551     26664    480309    0.04476     21203  +0.01076      +5461   0.00045   +24.09
fake barrel               0.06680      9577    143359    0.04249      5900  +0.02432      +3677   0.00085   +28.50
fake transition           0.06903      5342     77392    0.04454      3354  +0.02449      +1988   0.00118   +20.73
fake endcap               0.04525     11745    259558    0.04603     11949  -0.00078       -204   0.00058    -1.35
nhitOT overall            6.44117   3093754    480309    6.51865   3088222  -0.07747      +5532   0.00000    +0.00
nhitOT barrel             9.80254   1405282    143359   10.14804   1409228  -0.34550      -3946   0.00000    +0.00
nhitOT transition         9.87906    764560     77392   10.01546    754264  -0.13640     +10296   0.00000    +0.00
nhitOT endcap             3.55956    923912    259558    3.56248    924730  -0.00292       -818   0.00000    +0.00
