977 evts | band            proto     LST   denom   dTracks    drate     sigma   n_sigma
           vxy[1,5)       0.80110 0.77719    4560     +109  +0.02390   0.00854    +2.80
           vxy[5,10)      0.72161 0.64422    1990     +154  +0.07739   0.01470    +5.26
           vxy[10,30)     0.71474 0.62567    4098     +365  +0.08907   0.01034    +8.61
           vxy[30,inf)    0.08635 0.06852    5721     +102  +0.01783   0.00499    +3.57
           dxy[0,1)       0.83518 0.82956   76824     +432  +0.00562   0.00191    +2.95
           dxy[1,5)       0.58320 0.51042    3023     +220  +0.07278   0.01277    +5.70
           dxy[5,10)      0.24521 0.22906     991      +16  +0.01615   0.01910    +0.85
           dxy[10,30)     0.03151 0.05402    1555      -35  -0.02251   0.00724    -3.11
           eff overall    0.80905 0.80987   73782      -61  -0.00083   0.00204    -0.40

300 evts | band            proto     LST   denom   dTracks    drate     sigma   n_sigma
           vxy[1,5)       0.79459 0.77193    1368      +31  +0.02266   0.01575    +1.44
           vxy[5,10)      0.73356 0.65430     593      +47  +0.07926   0.02667    +2.97
           vxy[10,30)     0.74139 0.66453    1249      +96  +0.07686   0.01822    +4.22
           vxy[30,inf)    0.07942 0.06316    1599      +26  +0.01626   0.00910    +1.79
           dxy[1,5)       0.61650 0.55407     897      +56  +0.06243   0.02322    +2.69
           dxy[5,10)      0.20161 0.20968     248       -2  -0.00806   0.03629    -0.22
           dxy[10,30)     0.03073 0.05674     423      -11  -0.02600   0.01403    -1.85
