DUPLICATE RATE AMONG MATCHED TCs PER DISPLACEMENT BAND -- FULL 977
band                 pTC      pDup  pDupRate         lTC      lDup  lDupRate       dRate
vxy[0,1)           62058      8691   0.14005       59057      2497   0.04228    +0.09777
vxy[1,5)            4016       724   0.18028        3624       156   0.04305    +0.13723
vxy[5,10)           1443        14   0.00970        1293        22   0.01701    -0.00731
vxy[10,30)          2942        26   0.00884        2630       132   0.05019    -0.04135
vxy[30,60)           494         0   0.00000         398        12   0.03015    -0.03015
dxy[0,1)           68892      9443   0.13707       65111      2745   0.04216    +0.09491
dxy[1,5)            1769        12   0.00678        1573        60   0.03814    -0.03136
dxy[5,10)            243         0   0.00000         234        14   0.05983    -0.05983
dxy[10,30)            49         0   0.00000          84         0   0.00000    +0.00000
