
=== efficiency vs vxy, per eta region -- proto | LST | dTracks (denominator) ===
band                                barrel                       trans                      endcap                         ALL
vxy[0,1)           0.9271|0.9262 +8 (8428)     0.8836|0.8833 +1 (3779)    0.7448|0.7462 -12 (8826)    0.8428|0.8430 -3 (21033)
vxy[1,5)           0.8300|0.8114 +12 (647)      0.7850|0.7557 +9 (307)     0.7464|0.7222 +10 (414)    0.7946|0.7719 +31 (1368)
vxy[5,10)          0.7656|0.7289 +10 (273)     0.6857|0.5714 +20 (175)     0.7310|0.6138 +17 (145)     0.7336|0.6543 +47 (593)
vxy[10,30)        0.7418|0.6588 +84 (1011)     0.7634|0.7054 +13 (224)       0.3571|0.4286 -1 (14)    0.7414|0.6645 +96 (1249)
vxy[30,inf)       0.0794|0.0632 +26 (1599)                           -                           -    0.0794|0.0632 +26 (1599)

=== efficiency vs dxy, per eta region -- proto | LST | dTracks (denominator) ===
band                                barrel                       trans                      endcap                         ALL
dxy[0,1)         0.9115|0.9013 +100 (9776)    0.8689|0.8593 +42 (4370)    0.7450|0.7438 +12 (9366)  0.8373|0.8307 +154 (23512)
dxy[1,5)           0.6102|0.5472 +48 (762)      0.6923|0.6346 +6 (104)       0.5161|0.4516 +2 (31)     0.6165|0.5541 +56 (897)
dxy[5,10)           0.2017|0.1933 +2 (238)        0.2500|0.7500 -4 (8)        0.0000|0.0000 +0 (2)      0.2016|0.2097 -2 (248)
dxy[10,30)         0.0310|0.0548 -10 (420)        0.0000|0.3333 -1 (3)                           -     0.0307|0.0567 -11 (423)
dxy[30,inf)         0.0000|0.0000 +0 (762)                           -                           -      0.0000|0.0000 +0 (762)
