
=== efficiency vs vxy, per eta region -- proto | LST | dTracks (denominator) ===
band                                barrel                       trans                      endcap                         ALL
vxy[0,1)         0.9252|0.9257 -14 (27364)   0.8812|0.8825 -16 (12600)   0.7438|0.7461 -67 (28615)   0.8414|0.8429 -97 (68579)
vxy[1,5)          0.8541|0.8234 +63 (2056)    0.7809|0.7507 +33 (1091)    0.7396|0.7304 +13 (1413)   0.8011|0.7772 +109 (4560)
vxy[5,10)          0.7472|0.6721 +73 (973)     0.7022|0.6227 +47 (591)     0.6901|0.6103 +34 (426)   0.7216|0.6442 +154 (1990)
vxy[10,30)       0.7188|0.6223 +324 (3360)     0.7054|0.6459 +42 (706)       0.5000|0.5312 -1 (32)   0.7147|0.6257 +365 (4098)
vxy[30,inf)      0.0864|0.0685 +102 (5719)        0.0000|0.0000 +0 (2)                           -   0.0863|0.0685 +102 (5721)

=== efficiency vs dxy, per eta region -- proto | LST | dTracks (denominator) ===
band                                barrel                       trans                      endcap                         ALL
dxy[0,1)        0.9081|0.8968 +360 (31878)   0.8667|0.8599 +98 (14572)   0.7436|0.7444 -26 (30374)  0.8352|0.8296 +432 (76824)
dxy[1,5)         0.5845|0.5047 +202 (2532)     0.5995|0.5654 +13 (382)      0.4954|0.4495 +5 (109)   0.5832|0.5104 +220 (3023)
dxy[5,10)          0.2437|0.2228 +20 (956)       0.3125|0.4375 -4 (32)        0.0000|0.0000 +0 (3)     0.2452|0.2291 +16 (991)
dxy[10,30)        0.0316|0.0535 -34 (1552)        0.0000|0.3333 -1 (3)                           -    0.0315|0.0540 -35 (1555)
dxy[30,inf)        0.0000|0.0000 +0 (2554)        0.0000|0.0000 +0 (1)                           -     0.0000|0.0000 +0 (2555)
