
=== efficiency vs vxy, per eta region -- proto | LST | dTracks (denominator) ===
band                                barrel                       trans                      endcap                         ALL
vxy[0,1)           0.9267|0.9262 +4 (8428)     0.8836|0.8833 +1 (3779)    0.7445|0.7462 -15 (8826)   0.8425|0.8430 -10 (21033)
vxy[1,5)           0.8393|0.8114 +18 (647)      0.7850|0.7557 +9 (307)      0.7440|0.7222 +9 (414)    0.7982|0.7719 +36 (1368)
vxy[5,10)          0.7766|0.7289 +13 (273)     0.6914|0.5714 +21 (175)     0.7379|0.6138 +18 (145)     0.7420|0.6543 +52 (593)
vxy[10,30)       0.7587|0.6588 +101 (1011)     0.7634|0.7054 +13 (224)       0.3571|0.4286 -1 (14)   0.7550|0.6645 +113 (1249)
vxy[30,inf)       0.0857|0.0632 +36 (1599)                           -                           -    0.0857|0.0632 +36 (1599)

=== efficiency vs dxy, per eta region -- proto | LST | dTracks (denominator) ===
band                                barrel                       trans                      endcap                         ALL
dxy[0,1)         0.9122|0.9013 +107 (9776)    0.8689|0.8593 +42 (4370)     0.7447|0.7438 +9 (9366)  0.8374|0.8307 +158 (23512)
dxy[1,5)           0.6352|0.5472 +67 (762)      0.7019|0.6346 +7 (104)       0.5161|0.4516 +2 (31)     0.6388|0.5541 +76 (897)
dxy[5,10)           0.2227|0.1933 +7 (238)        0.2500|0.7500 -4 (8)        0.0000|0.0000 +0 (2)      0.2218|0.2097 +3 (248)
dxy[10,30)          0.0333|0.0548 -9 (420)        0.0000|0.3333 -1 (3)                           -     0.0331|0.0567 -10 (423)
dxy[30,inf)         0.0000|0.0000 +0 (762)                           -                           -      0.0000|0.0000 +0 (762)
