
HEADLINE + DISPLACED BANDS + TRACK LENGTH
tag               eff    vxy01      v15     v510    v1030      d15     d510    d1030      dup     fake      nhB      nhT      nhE      nTC
A08GATE       0.80992  0.84282  0.79459  0.73356  0.74139  0.61650  0.20161  0.03073  0.06230  0.05551  9.80254  9.87906  3.55956   618793
T_MR10        0.81028  0.84329  0.79313  0.73019  0.73579  0.61315  0.19758  0.02837  0.06232  0.05193  9.79554  9.87265  3.55436   616356
T_MRI05       0.80961  0.84249  0.79386  0.73019  0.73899  0.61650  0.20161  0.03073  0.06209  0.05478  9.79110  9.86948  3.55785   618174
P_MR25        0.80979  0.84268  0.79386  0.73524  0.74219  0.62096  0.20161  0.03073  0.06223  0.05737  9.80637  9.88201  3.56178   619895
LST(base)     0.80988  0.84296  0.77193  0.65430  0.66453  0.55407  0.20968  0.05674  0.05179  0.04476 10.14804 10.01546  3.56248   608190

PER REGION
tag              effB     effT     effE     dupB     dupT     dupE     fakB     fakT     fakE
A08GATE       0.92660  0.88213  0.74496  0.04344  0.03431  0.08106  0.06680  0.06903  0.04525
T_MR10        0.92694  0.88315  0.74507  0.04339  0.03414  0.08103  0.05980  0.06172  0.04472
T_MRI05       0.92637  0.88086  0.74496  0.04306  0.03374  0.08102  0.06504  0.06793  0.04521
P_MR25        0.92660  0.88187  0.74474  0.04339  0.03422  0.08105  0.07065  0.07232  0.04553
LST(base)     0.92557  0.88187  0.74596  0.00989  0.01264  0.08556  0.04249  0.04454  0.04603
