
FULL 977 -- HEADLINE + DISPLACED + LENGTH
tag             eff    vxy01      v15     v510    v1030      d15     d510    d1030      dup     fake      nhB      nhT      nhE      nTC
W_X4        0.80905  0.84144  0.80110  0.72161  0.71474  0.58320  0.24521  0.03151  0.06184  0.05607  9.80064  9.88373  3.55719  2033868
W_M4D16     0.80892  0.84131  0.80175  0.72412  0.71938  0.58915  0.26034  0.03408  0.06225  0.05804  9.78660  9.87804  3.56091  2040577
W_M4D25     0.80873  0.84112  0.80285  0.72714  0.72450  0.59841  0.26942  0.03666  0.06318  0.06385  9.75280  9.85067  3.56985  2058432
W_MR10      0.80933  0.84176  0.80022  0.71859  0.70620  0.57459  0.23713  0.03087  0.06188  0.05243  9.79315  9.87703  3.55153  2025683
LST(base)   0.80987  0.84285  0.77719  0.64422  0.62567  0.51042  0.22906  0.05402  0.05138  0.04538 10.14984 10.00937  3.55665  1998494

FULL 977 -- PER REGION
tag            effB     effT     effE     dupB     dupT     dupE     fakB     fakT     fakE
W_X4        0.92454  0.87981  0.74436  0.04294  0.03375  0.08069  0.06754  0.06932  0.04578
W_M4D16     0.92437  0.87966  0.74429  0.04304  0.03445  0.08125  0.07285  0.07023  0.04616
W_M4D25     0.92409  0.87966  0.74409  0.04307  0.03821  0.08205  0.08687  0.07497  0.04750
W_MR10      0.92483  0.88050  0.74450  0.04288  0.03369  0.08066  0.06046  0.06190  0.04521
LST(base)   0.92430  0.88004  0.74658  0.00971  0.01308  0.08486  0.04365  0.04542  0.04630
