tag      overrides                  eff    v15   v510  v1030    d15   d510 |    nhB    nhT    nhE |   fake    dup   dupB   dupT   dupE |   wdup    wOT |     nTC   ms verdict
-----------------------------------------------------------------------------------------------------------------------------------------------------------------------------
r_flag                          0.81325 0.8042 0.7287 0.7190 0.5633  71/285|  9.794  9.698  3.417 | 0.0474 0.0571 0.0140 0.0230 0.0902 | 0.0962  5.603 |  616650  268 pass
r_def                           0.80175 0.7852 0.7129 0.6961 0.5418  71/285| 10.044  9.986  3.679 | 0.0536 0.0643 0.0157 0.0282 0.1001 | 0.1093  5.965 |  616467  260 FAIL:EFF,V15,V510,V1030,D15,FAKE
le1      -KL 1 -KE 0.5          0.81325 0.8042 0.7287 0.7190 0.5633  71/285|  9.797  9.701  3.419 | 0.0474 0.0570 0.0139 0.0230 0.0901 | 0.0961  5.606 |  616632  263 pass
le2      -KL 1 -KE 1            0.81320 0.8042 0.7287 0.7190 0.5633  71/285|  9.800  9.704  3.421 | 0.0474 0.0570 0.0139 0.0229 0.0901 | 0.0961  5.609 |  616617  263 pass
le3      -KL 1 -KE 2            0.81320 0.8042 0.7287 0.7190 0.5633  71/285|  9.804  9.711  3.424 | 0.0474 0.0569 0.0139 0.0228 0.0900 | 0.0960  5.614 |  616594  266 pass
le25     -KL 1 -KE 3            0.81320 0.8042 0.7287 0.7190 0.5633  71/285|  9.809  9.718  3.428 | 0.0475 0.0569 0.0139 0.0227 0.0899 | 0.0959  5.620 |  616580  266 pass
le35     -KL 1 -KE 4            0.81316 0.8042 0.7287 0.7190 0.5622  72/285|  9.811  9.722  3.429 | 0.0474 0.0569 0.0139 0.0227 0.0899 | 0.0958  5.622 |  616559  264 pass
le4      -KL 1 -KE 5            0.81307 0.8042 0.7287 0.7181 0.5612  72/285|  9.818  9.733  3.436 | 0.0475 0.0568 0.0138 0.0226 0.0898 | 0.0957  5.633 |  616529  266 FAIL:D15
lmax     -KL 1 -KE 1000000      0.80973 0.7986 0.7224 0.7002 0.5451  71/285|  9.890  9.833  3.468 | 0.0494 0.0560 0.0137 0.0211 0.0889 | 0.0942  5.689 |  616262  267 FAIL:EFF,V15,V510,V1030,D15,FAKE
lb1      -KL 2 -KB 1            0.81320 0.8042 0.7287 0.7181 0.5622  71/285|  9.805  9.712  3.425 | 0.0474 0.0569 0.0139 0.0228 0.0900 | 0.0960  5.616 |  616592  262 pass
lb15     -KL 2 -KB 1.5          0.81320 0.8042 0.7287 0.7190 0.5622  72/285|  9.809  9.719  3.428 | 0.0475 0.0569 0.0139 0.0228 0.0899 | 0.0959  5.621 |  616580  264 pass
lb2      -KL 2 -KB 2.5          0.81320 0.8042 0.7287 0.7190 0.5622  72/285|  9.816  9.732  3.435 | 0.0475 0.0568 0.0139 0.0226 0.0898 | 0.0957  5.631 |  616530  263 pass
lb2b     -KL 2 -KB 3            0.81320 0.8042 0.7287 0.7190 0.5622  72/285|  9.820  9.737  3.438 | 0.0475 0.0568 0.0139 0.0226 0.0898 | 0.0956  5.636 |  616524  263 pass
lb2c     -KL 2 -KB 3.5          0.81303 0.8021 0.7287 0.7190 0.5612  72/285|  9.823  9.743  3.441 | 0.0475 0.0567 0.0139 0.0225 0.0897 | 0.0955  5.641 |  616488  262 FAIL:V15,D15
lb2d     -KL 2 -KB 4            0.81303 0.8021 0.7287 0.7181 0.5612  72/285|  9.826  9.749  3.443 | 0.0475 0.0566 0.0138 0.0224 0.0896 | 0.0954  5.645 |  616467  263 FAIL:V15,D15
lb3      -KL 2 -KB 5            0.81311 0.8014 0.7287 0.7181 0.5612  72/285|  9.832  9.760  3.448 | 0.0475 0.0565 0.0138 0.0222 0.0894 | 0.0950  5.653 |  616417  263 FAIL:V15,D15
lb4      -KL 2 -KB 10           0.81268 0.8007 0.7287 0.7165 0.5579  72/285|  9.858  9.806  3.467 | 0.0477 0.0560 0.0137 0.0213 0.0889 | 0.0943  5.685 |  616251  263 FAIL:EFF,V15,V1030,D15
lb5      -KL 2 -KB 20           0.81184 0.7993 0.7287 0.7100 0.5558  72/285|  9.894  9.858  3.487 | 0.0483 0.0556 0.0135 0.0205 0.0885 | 0.0937  5.720 |  616126  263 FAIL:EFF,V15,V1030,D15,FAKE
lg1      -KL 3 -KG 0.25         0.81276 0.8014 0.7303 0.7141 0.5569  72/285|  9.839  9.787  3.452 | 0.0479 0.0562 0.0138 0.0218 0.0891 | 0.0947  5.661 |  616351  265 FAIL:V15,V1030,D15
lg2      -KL 3 -KG 0.5          0.80578 0.7922 0.7177 0.6928 0.5386  71/285|  9.961  9.903  3.502 | 0.0519 0.0558 0.0137 0.0207 0.0887 | 0.0940  5.746 |  616203  265 FAIL:EFF,V15,V510,V1030,D15,FAKE
lg3      -KL 3 -KG 1.0          0.80675 0.7929 0.7192 0.6936 0.5343  72/285|  9.941  9.870  3.496 | 0.0524 0.0561 0.0140 0.0215 0.0889 | 0.0942  5.733 |  616371  267 FAIL:EFF,V15,V510,V1030,D15,FAKE
bt4      -BT 4                  0.81298 0.8042 0.7287 0.7198 0.5633  71/285|  9.822  9.731  3.444 | 0.0474 0.0567 0.0139 0.0226 0.0897 | 0.0955  5.644 |  616492  262 pass
bt35     -BT 3.5                0.81268 0.8035 0.7287 0.7198 0.5633  71/285|  9.835  9.756  3.455 | 0.0475 0.0566 0.0139 0.0223 0.0895 | 0.0953  5.663 |  616429  263 FAIL:EFF
bt3      -BT 3                  0.81268 0.8035 0.7287 0.7190 0.5622  71/285|  9.845  9.779  3.464 | 0.0477 0.0564 0.0139 0.0217 0.0893 | 0.0949  5.678 |  616381  263 FAIL:EFF
t1c      -L 3.0 -BT 4.5         0.81303 0.8042 0.7287 0.7190 0.5622  72/285|  9.830  9.745  3.448 | 0.0475 0.0566 0.0138 0.0225 0.0896 | 0.0953  5.651 |  616463  264 pass
cb6      -KL 1 -KE 2 -BT 4      0.81294 0.8042 0.7287 0.7190 0.5622  71/285|  9.834  9.744  3.451 | 0.0474 0.0566 0.0138 0.0225 0.0895 | 0.0953  5.656 |  616435  263 pass
c8       -KL 1 -KE 2 -BT 4.5    0.81303 0.8042 0.7287 0.7181 0.5622  71/285|  9.818  9.725  3.438 | 0.0474 0.0568 0.0139 0.0227 0.0898 | 0.0957  5.635 |  616534  263 pass
c10      -KL 1 -KE 3 -BT 4.5    0.81303 0.8042 0.7287 0.7181 0.5622  71/285|  9.823  9.732  3.442 | 0.0475 0.0567 0.0139 0.0227 0.0897 | 0.0956  5.641 |  616508  263 pass
c9       -KL 1 -KE 4 -BT 4.5    0.81307 0.8042 0.7287 0.7190 0.5622  72/285|  9.825  9.735  3.442 | 0.0474 0.0567 0.0138 0.0225 0.0897 | 0.0955  5.642 |  616499  262 pass
c1       -KL 1 -KE 3 -BT 4      0.81290 0.8042 0.7287 0.7190 0.5612  72/285|  9.838  9.752  3.455 | 0.0474 0.0565 0.0138 0.0223 0.0895 | 0.0952  5.662 |  616421  263 FAIL:D15
cb5      -KL 1 -KE 4 -BT 4      0.81290 0.8042 0.7287 0.7190 0.5612  71/285|  9.840  9.752  3.455 | 0.0475 0.0566 0.0138 0.0225 0.0894 | 0.0952  5.662 |  616423  264 FAIL:D15
cb1      -KL 2 -KB 2.5 -BT 4    0.81281 0.8042 0.7287 0.7190 0.5612  72/285|  9.844  9.764  3.459 | 0.0475 0.0564 0.0138 0.0222 0.0893 | 0.0949  5.670 |  616374  263 FAIL:D15
c5       -KL 2 -KB 1.5 -BT 4    0.81290 0.8042 0.7287 0.7190 0.5612  72/285|  9.838  9.753  3.455 | 0.0474 0.0565 0.0138 0.0224 0.0894 | 0.0952  5.662 |  616412  262 FAIL:D15
c6       -KL 2 -KB 2 -BT 4      0.81281 0.8042 0.7287 0.7190 0.5612  72/285|  9.841  9.759  3.457 | 0.0474 0.0565 0.0138 0.0223 0.0894 | 0.0951  5.666 |  616394  262 FAIL:D15
c2       -KL 1 -KE 1 -BT 3.5    0.81263 0.8035 0.7271 0.7190 0.5622  71/285|  9.843  9.765  3.460 | 0.0475 0.0565 0.0138 0.0222 0.0894 | 0.0951  5.672 |  616398  264 FAIL:EFF
c3       -KL 1 -KE 2 -BT 3.5    0.81250 0.8035 0.7271 0.7181 0.5612  71/285|  9.847  9.770  3.463 | 0.0475 0.0565 0.0138 0.0221 0.0894 | 0.0950  5.675 |  616379  263 FAIL:EFF,D15
c4       -KL 1 -KE 3 -BT 3.5    0.81254 0.8035 0.7271 0.7190 0.5622  71/285|  9.852  9.777  3.467 | 0.0476 0.0564 0.0138 0.0219 0.0893 | 0.0949  5.682 |  616351  263 FAIL:EFF
c7       -KL 2 -KB 1 -BT 3.5    0.81254 0.8035 0.7271 0.7181 0.5612  71/285|  9.849  9.772  3.465 | 0.0476 0.0564 0.0138 0.0219 0.0893 | 0.0949  5.679 |  616362  263 FAIL:EFF,D15
cb2      -KL 2 -KB 2.5 -L 3.0   0.81311 0.8014 0.7287 0.7181 0.5612  72/285|  9.832  9.760  3.448 | 0.0475 0.0565 0.0138 0.0222 0.0894 | 0.0950  5.653 |  616417  263 FAIL:V15,D15
cb3      -KL 2 -KB 2.5 -L 3.0 - 0.81290 0.8014 0.7287 0.7173 0.5601  72/285|  9.844  9.771  3.458 | 0.0475 0.0564 0.0138 0.0221 0.0892 | 0.0948  5.669 |  616385  265 FAIL:V15,D15
cb4      -KL 1 -KE 2 -L 3.0 -BT 0.81285 0.8035 0.7287 0.7181 0.5612  72/285|  9.836  9.754  3.452 | 0.0475 0.0566 0.0138 0.0224 0.0895 | 0.0952  5.658 |  616438  263 FAIL:D15
f1       -KL 1 -KE 2.5 -BT 4    0.81290 0.8042 0.7287 0.7190 0.5612  72/285|  9.835  9.748  3.453 | 0.0474 0.0566 0.0138 0.0225 0.0895 | 0.0952  5.659 |  616432  262 FAIL:D15
f2       -KL 2 -KB 1 -BT 4      0.81294 0.8042 0.7287 0.7181 0.5612  71/285|  9.835  9.746  3.452 | 0.0474 0.0565 0.0138 0.0225 0.0895 | 0.0952  5.658 |  616430  262 FAIL:D15
f3       -KL 2 -KB 0.75 -BT 4   0.81294 0.8042 0.7287 0.7181 0.5612  71/285|  9.832  9.743  3.451 | 0.0474 0.0566 0.0138 0.0225 0.0895 | 0.0952  5.656 |  616437  262 FAIL:D15
f4       -KL 1 -KE 2 -BT 4.2    0.81298 0.8042 0.7287 0.7190 0.5622  71/285|  9.828  9.736  3.446 | 0.0474 0.0567 0.0138 0.0226 0.0896 | 0.0955  5.648 |  616474  262 pass
f5       -KL 1 -KE 2 -BT 3.8    0.81281 0.8042 0.7287 0.7190 0.5622  71/285|  9.839  9.755  3.456 | 0.0475 0.0565 0.0138 0.0223 0.0894 | 0.0951  5.664 |  616406  262 pass
f6       -KL 1 -KE 2 -BT 4 -L 1 0.81290 0.8042 0.7287 0.7190 0.5612  72/285|  9.841  9.758  3.457 | 0.0475 0.0565 0.0138 0.0224 0.0894 | 0.0951  5.665 |  616407  262 FAIL:D15
f7       -L 3.0 -BT 4.5 -KL 1 - 0.81303 0.8042 0.7287 0.7181 0.5612  72/285|  9.833  9.749  3.450 | 0.0475 0.0566 0.0138 0.0224 0.0895 | 0.0953  5.654 |  616444  263 FAIL:D15
f8       -L 2.0 -BT 4 -KL 1 -KE 0.81285 0.8042 0.7287 0.7181 0.5601  72/285|  9.844  9.763  3.459 | 0.0474 0.0565 0.0138 0.0222 0.0893 | 0.0950  5.669 |  616374  262 FAIL:D15
f9       -KL 1 -KE 1.5 -BT 4    0.81294 0.8042 0.7287 0.7181 0.5612  71/285|  9.832  9.742  3.450 | 0.0474 0.0566 0.0138 0.0224 0.0896 | 0.0954  5.655 |  616443  263 FAIL:D15
f10      -KL 2 -KB 1.25 -BT 4   0.81294 0.8042 0.7287 0.7190 0.5612  72/285|  9.837  9.749  3.454 | 0.0474 0.0565 0.0138 0.0224 0.0894 | 0.0952  5.660 |  616417  261 FAIL:D15
f11      -KL 1 -KE 2 -BT 4 -TT  0.81276 0.8042 0.7287 0.7190 0.5622  71/285|  9.843  9.771  3.461 | 0.0475 0.0564 0.0137 0.0222 0.0893 | 0.0949  5.675 |  616369  262 pass
f12      -KL 1 -KE 2 -BT 4 -TA  0.81232 0.8035 0.7287 0.7181 0.5612  71/285|  9.890  9.793  3.474 | 0.0476 0.0562 0.0136 0.0220 0.0891 | 0.0947  5.694 |  616279  262 FAIL:EFF,D15
w1       -KL 1 -KE 2 -BT 3.9    0.81285 0.8042 0.7287 0.7181 0.5612  71/285|  9.837  9.749  3.453 | 0.0474 0.0566 0.0138 0.0224 0.0895 | 0.0952  5.660 |  616422  262 FAIL:D15
w2       -KL 1 -KE 2 -BT 4 -TT  0.81281 0.8042 0.7287 0.7190 0.5622  71/285|  9.839  9.760  3.457 | 0.0475 0.0565 0.0138 0.0224 0.0894 | 0.0951  5.667 |  616389  262 pass
w3       -KL 1 -KE 2 -BT 3.8 -T 0.81268 0.8042 0.7287 0.7190 0.5622  71/285|  9.844  9.771  3.462 | 0.0475 0.0564 0.0138 0.0222 0.0893 | 0.0949  5.676 |  616358  262 FAIL:EFF
w4       -KL 1 -KE 1 -BT 3.8    0.81285 0.8042 0.7287 0.7190 0.5622  71/285|  9.835  9.749  3.453 | 0.0474 0.0565 0.0138 0.0224 0.0895 | 0.0952  5.660 |  616427  262 pass
x1       -KL 1 -KE 2 -BT 4 -KX  0.81272 0.8028 0.7287 0.7198 0.5633  71/285|  9.833  9.734  3.447 | 0.0474 0.0567 0.0138 0.0228 0.0897 | 0.0956  5.650 |  616479  262 pass
x2       -KL 1 -KE 3 -BT 4 -KX  0.81268 0.8028 0.7287 0.7198 0.5633  71/285|  9.836  9.735  3.449 | 0.0475 0.0567 0.0138 0.0227 0.0898 | 0.0956  5.652 |  616476  263 FAIL:EFF
x3       -KL 1 -KE 5 -BT 4 -KX  0.81241 0.8028 0.7287 0.7198 0.5633  72/285|  9.842  9.740  3.450 | 0.0475 0.0569 0.0138 0.0230 0.0899 | 0.0958  5.654 |  616487  263 FAIL:EFF
x4       -KL 2 -KB 2.5 -BT 4 -K 0.81237 0.8021 0.7271 0.7198 0.5622  72/285|  9.842  9.743  3.450 | 0.0476 0.0568 0.0138 0.0229 0.0898 | 0.0958  5.655 |  616463  262 FAIL:EFF,V15
x5       -KL 2 -KB 5 -BT 4 -KX  0.81171 0.7993 0.7271 0.7181 0.5633  72/285|  9.853  9.750  3.451 | 0.0478 0.0568 0.0138 0.0228 0.0899 | 0.0958  5.657 |  616450  263 FAIL:EFF,V15
x6       -KL 2 -KB 5 -KX 1      0.81210 0.8000 0.7287 0.7173 0.5633  72/285|  9.829  9.727  3.434 | 0.0477 0.0569 0.0138 0.0227 0.0900 | 0.0960  5.629 |  616516  262 FAIL:EFF,V15
x7       -KL 2 -KB 10 -KX 1     0.81022 0.7943 0.7240 0.7165 0.5644  72/285|  9.855  9.735  3.438 | 0.0484 0.0571 0.0138 0.0232 0.0902 | 0.0963  5.636 |  616579  262 FAIL:EFF,V15,V510,V1030,FAKE
x8       -KL 1 -KE 5 -KX 1      0.81281 0.8028 0.7287 0.7190 0.5633  72/285|  9.815  9.711  3.427 | 0.0475 0.0570 0.0138 0.0231 0.0900 | 0.0960  5.618 |  616593  262 pass
x9       -KL 1 -KE 10 -BT 4 -KX 0.81210 0.8000 0.7271 0.7181 0.5633  72/285|  9.851  9.742  3.451 | 0.0477 0.0569 0.0139 0.0231 0.0900 | 0.0960  5.657 |  616503  262 FAIL:EFF,V15
x10      -KL 2 -KB 5 -BT 3.5 -K 0.81110 0.7986 0.7271 0.7181 0.5633  72/285|  9.864  9.765  3.459 | 0.0480 0.0568 0.0138 0.0226 0.0899 | 0.0959  5.671 |  616437  263 FAIL:EFF,V15
x11      -KL 2 -KB 10 -BT 4 -KX 0.80956 0.7943 0.7240 0.7165 0.5655  72/285|  9.879  9.738  3.447 | 0.0487 0.0571 0.0138 0.0235 0.0902 | 0.0965  5.649 |  616575  262 FAIL:EFF,V15,V510,V1030,FAKE
x12      -KL 1 -KE 3 -BT 4.5 -K 0.81290 0.8028 0.7287 0.7190 0.5633  71/285|  9.821  9.717  3.437 | 0.0475 0.0569 0.0139 0.0229 0.0899 | 0.0958  5.632 |  616540  262 pass
-----------------------------------------------------------------------------------------------------------------------------------------------------------------------------

DELTA vs FLAGSHIP (r_flag)  [+ = toward LST for nh*, - = toward LST for dup]
tag      overrides                 d_eff    d_v15   d_v510  d_v1030    d_d15  d510 |   d_nhB   d_nhT   d_nhE |   d_fake    d_dup
--------------------------------------------------------------------------------------------------------------------------------
r_def                           -0.01150 -0.01908 -0.01577 -0.02288 -0.02146    71 |  +0.250  +0.288  +0.262 | +0.00620 +0.00720
le1      -KL 1 -KE 0.5          +0.00000 +0.00000 +0.00000 +0.00000 +0.00000    71 |  +0.003  +0.003  +0.002 | -0.00001 -0.00005
le2      -KL 1 -KE 1            -0.00004 +0.00000 +0.00000 +0.00000 +0.00000    71 |  +0.006  +0.006  +0.004 | -0.00001 -0.00009
le3      -KL 1 -KE 2            -0.00004 +0.00000 +0.00000 +0.00000 +0.00000    71 |  +0.010  +0.014  +0.006 | +0.00000 -0.00014
le25     -KL 1 -KE 3            -0.00004 +0.00000 +0.00000 +0.00000 +0.00000    71 |  +0.015  +0.020  +0.011 | +0.00002 -0.00020
le35     -KL 1 -KE 4            -0.00009 +0.00000 +0.00000 +0.00000 -0.00107    72 |  +0.017  +0.024  +0.011 | +0.00001 -0.00023
le4      -KL 1 -KE 5            -0.00018 +0.00000 +0.00000 -0.00082 -0.00215    72 |  +0.024  +0.035  +0.019 | +0.00003 -0.00030
lmax     -KL 1 -KE 1000000      -0.00351 -0.00565 -0.00631 -0.01879 -0.01824    71 |  +0.096  +0.135  +0.051 | +0.00193 -0.00111
lb1      -KL 2 -KB 1            -0.00004 +0.00000 +0.00000 -0.00082 -0.00107    71 |  +0.011  +0.014  +0.008 | -0.00001 -0.00014
lb15     -KL 2 -KB 1.5          -0.00004 +0.00000 +0.00000 +0.00000 -0.00107    72 |  +0.015  +0.021  +0.011 | +0.00002 -0.00018
lb2      -KL 2 -KB 2.5          -0.00004 +0.00000 +0.00000 +0.00000 -0.00107    72 |  +0.023  +0.034  +0.017 | +0.00003 -0.00029
lb2b     -KL 2 -KB 3            -0.00004 +0.00000 +0.00000 +0.00000 -0.00107    72 |  +0.026  +0.039  +0.020 | +0.00003 -0.00032
lb2c     -KL 2 -KB 3.5          -0.00022 -0.00212 +0.00000 +0.00000 -0.00215    72 |  +0.029  +0.045  +0.023 | +0.00003 -0.00038
lb2d     -KL 2 -KB 4            -0.00022 -0.00212 +0.00000 -0.00082 -0.00215    72 |  +0.032  +0.051  +0.026 | +0.00005 -0.00046
lb3      -KL 2 -KB 5            -0.00013 -0.00283 +0.00000 -0.00082 -0.00215    72 |  +0.038  +0.062  +0.030 | +0.00009 -0.00062
lb4      -KL 2 -KB 10           -0.00057 -0.00353 +0.00000 -0.00245 -0.00536    72 |  +0.064  +0.108  +0.049 | +0.00030 -0.00107
lb5      -KL 2 -KB 20           -0.00140 -0.00495 +0.00000 -0.00899 -0.00751    72 |  +0.100  +0.160  +0.070 | +0.00086 -0.00149
lg1      -KL 3 -KG 0.25         -0.00048 -0.00283 +0.00158 -0.00490 -0.00644    72 |  +0.045  +0.090  +0.034 | +0.00048 -0.00083
lg2      -KL 3 -KG 0.5          -0.00746 -0.01201 -0.01104 -0.02614 -0.02468    71 |  +0.167  +0.205  +0.085 | +0.00448 -0.00129
lg3      -KL 3 -KG 1.0          -0.00650 -0.01131 -0.00946 -0.02533 -0.02897    72 |  +0.147  +0.172  +0.079 | +0.00498 -0.00096
bt4      -BT 4                  -0.00026 +0.00000 +0.00000 +0.00082 +0.00000    71 |  +0.028  +0.033  +0.026 | -0.00002 -0.00036
bt35     -BT 3.5                -0.00057 -0.00071 +0.00000 +0.00082 +0.00000    71 |  +0.041  +0.058  +0.037 | +0.00011 -0.00052
bt3      -BT 3                  -0.00057 -0.00071 +0.00000 +0.00000 -0.00107    71 |  +0.052  +0.081  +0.046 | +0.00028 -0.00070
t1c      -L 3.0 -BT 4.5         -0.00022 +0.00000 +0.00000 +0.00000 -0.00107    72 |  +0.036  +0.047  +0.030 | +0.00004 -0.00046
cb6      -KL 1 -KE 2 -BT 4      -0.00031 +0.00000 +0.00000 +0.00000 -0.00107    71 |  +0.040  +0.046  +0.033 | +0.00000 -0.00050
c8       -KL 1 -KE 2 -BT 4.5    -0.00022 +0.00000 +0.00000 -0.00082 -0.00107    71 |  +0.025  +0.027  +0.021 | +0.00001 -0.00029
c10      -KL 1 -KE 3 -BT 4.5    -0.00022 +0.00000 +0.00000 -0.00082 -0.00107    71 |  +0.029  +0.034  +0.024 | +0.00004 -0.00034
c9       -KL 1 -KE 4 -BT 4.5    -0.00018 +0.00000 +0.00000 +0.00000 -0.00107    72 |  +0.031  +0.037  +0.025 | +0.00000 -0.00037
c1       -KL 1 -KE 3 -BT 4      -0.00035 +0.00000 +0.00000 +0.00000 -0.00215    72 |  +0.044  +0.054  +0.037 | -0.00000 -0.00055
cb5      -KL 1 -KE 4 -BT 4      -0.00035 +0.00000 +0.00000 +0.00000 -0.00215    71 |  +0.046  +0.055  +0.038 | +0.00003 -0.00053
cb1      -KL 2 -KB 2.5 -BT 4    -0.00044 +0.00000 +0.00000 +0.00000 -0.00215    72 |  +0.050  +0.066  +0.042 | +0.00004 -0.00066
c5       -KL 2 -KB 1.5 -BT 4    -0.00035 +0.00000 +0.00000 +0.00000 -0.00215    72 |  +0.045  +0.055  +0.037 | +0.00000 -0.00055
c6       -KL 2 -KB 2 -BT 4      -0.00044 +0.00000 +0.00000 +0.00000 -0.00215    72 |  +0.047  +0.061  +0.040 | +0.00001 -0.00059
c2       -KL 1 -KE 1 -BT 3.5    -0.00061 -0.00071 -0.00158 +0.00000 -0.00107    71 |  +0.049  +0.067  +0.043 | +0.00009 -0.00059
c3       -KL 1 -KE 2 -BT 3.5    -0.00075 -0.00071 -0.00158 -0.00082 -0.00215    71 |  +0.054  +0.072  +0.045 | +0.00010 -0.00063
c4       -KL 1 -KE 3 -BT 3.5    -0.00070 -0.00071 -0.00158 +0.00000 -0.00107    71 |  +0.058  +0.079  +0.049 | +0.00012 -0.00070
c7       -KL 2 -KB 1 -BT 3.5    -0.00070 -0.00071 -0.00158 -0.00082 -0.00215    71 |  +0.055  +0.074  +0.047 | +0.00012 -0.00069
cb2      -KL 2 -KB 2.5 -L 3.0   -0.00013 -0.00283 +0.00000 -0.00082 -0.00215    72 |  +0.038  +0.062  +0.030 | +0.00009 -0.00062
cb3      -KL 2 -KB 2.5 -L 3.0 - -0.00035 -0.00283 +0.00000 -0.00163 -0.00322    72 |  +0.050  +0.073  +0.041 | +0.00011 -0.00071
cb4      -KL 1 -KE 2 -L 3.0 -BT -0.00040 -0.00071 +0.00000 -0.00082 -0.00215    72 |  +0.042  +0.057  +0.035 | +0.00005 -0.00053
f1       -KL 1 -KE 2.5 -BT 4    -0.00035 +0.00000 +0.00000 +0.00000 -0.00215    72 |  +0.041  +0.050  +0.035 | -0.00001 -0.00051
f2       -KL 2 -KB 1 -BT 4      -0.00031 +0.00000 +0.00000 -0.00082 -0.00215    71 |  +0.041  +0.048  +0.035 | +0.00000 -0.00053
f3       -KL 2 -KB 0.75 -BT 4   -0.00031 +0.00000 +0.00000 -0.00082 -0.00215    71 |  +0.039  +0.045  +0.034 | -0.00001 -0.00050
f4       -KL 1 -KE 2 -BT 4.2    -0.00026 +0.00000 +0.00000 +0.00000 -0.00107    71 |  +0.034  +0.038  +0.029 | -0.00000 -0.00039
f5       -KL 1 -KE 2 -BT 3.8    -0.00044 +0.00000 +0.00000 +0.00000 -0.00107    71 |  +0.046  +0.057  +0.038 | +0.00003 -0.00058
f6       -KL 1 -KE 2 -BT 4 -L 1 -0.00035 +0.00000 +0.00000 +0.00000 -0.00215    72 |  +0.047  +0.060  +0.039 | +0.00002 -0.00057
f7       -L 3.0 -BT 4.5 -KL 1 - -0.00022 +0.00000 +0.00000 -0.00082 -0.00215    72 |  +0.039  +0.051  +0.032 | +0.00002 -0.00050
f8       -L 2.0 -BT 4 -KL 1 -KE -0.00040 +0.00000 +0.00000 -0.00082 -0.00322    72 |  +0.050  +0.065  +0.041 | +0.00001 -0.00063
f9       -KL 1 -KE 1.5 -BT 4    -0.00031 +0.00000 +0.00000 -0.00082 -0.00215    71 |  +0.038  +0.044  +0.033 | -0.00002 -0.00047
f10      -KL 2 -KB 1.25 -BT 4   -0.00031 +0.00000 +0.00000 +0.00000 -0.00215    72 |  +0.043  +0.051  +0.036 | +0.00000 -0.00054
f11      -KL 1 -KE 2 -BT 4 -TT  -0.00048 +0.00000 +0.00000 +0.00000 -0.00107    71 |  +0.049  +0.073  +0.043 | +0.00010 -0.00069
f12      -KL 1 -KE 2 -BT 4 -TA  -0.00092 -0.00071 +0.00000 -0.00082 -0.00215    71 |  +0.096  +0.095  +0.056 | +0.00018 -0.00084
w1       -KL 1 -KE 2 -BT 3.9    -0.00040 +0.00000 +0.00000 -0.00082 -0.00215    71 |  +0.043  +0.051  +0.036 | -0.00002 -0.00051
w2       -KL 1 -KE 2 -BT 4 -TT  -0.00044 +0.00000 +0.00000 +0.00000 -0.00107    71 |  +0.045  +0.062  +0.039 | +0.00004 -0.00058
w3       -KL 1 -KE 2 -BT 3.8 -T -0.00057 +0.00000 +0.00000 +0.00000 -0.00107    71 |  +0.050  +0.073  +0.044 | +0.00007 -0.00068
w4       -KL 1 -KE 1 -BT 3.8    -0.00040 +0.00000 +0.00000 +0.00000 -0.00107    71 |  +0.041  +0.052  +0.036 | +0.00001 -0.00054
x1       -KL 1 -KE 2 -BT 4 -KX  -0.00053 -0.00141 +0.00000 +0.00082 +0.00000    71 |  +0.039  +0.036  +0.030 | +0.00002 -0.00034
x2       -KL 1 -KE 3 -BT 4 -KX  -0.00057 -0.00141 +0.00000 +0.00082 +0.00000    71 |  +0.042  +0.037  +0.031 | +0.00004 -0.00033
x3       -KL 1 -KE 5 -BT 4 -KX  -0.00083 -0.00141 +0.00000 +0.00082 +0.00000    72 |  +0.049  +0.042  +0.032 | +0.00009 -0.00022
x4       -KL 2 -KB 2.5 -BT 4 -K -0.00088 -0.00212 -0.00158 +0.00082 -0.00107    72 |  +0.048  +0.045  +0.033 | +0.00013 -0.00027
x5       -KL 2 -KB 5 -BT 4 -KX  -0.00154 -0.00495 -0.00158 -0.00082 +0.00000    72 |  +0.059  +0.052  +0.034 | +0.00039 -0.00027
x6       -KL 2 -KB 5 -KX 1      -0.00114 -0.00424 +0.00000 -0.00163 +0.00000    72 |  +0.035  +0.029  +0.016 | +0.00028 -0.00018
x7       -KL 2 -KB 10 -KX 1     -0.00303 -0.00989 -0.00473 -0.00245 +0.00107    72 |  +0.061  +0.037  +0.021 | +0.00099 -0.00001
x8       -KL 1 -KE 5 -KX 1      -0.00044 -0.00141 +0.00000 +0.00000 +0.00000    72 |  +0.021  +0.013  +0.010 | +0.00006 -0.00011
x9       -KL 1 -KE 10 -BT 4 -KX -0.00114 -0.00424 -0.00158 -0.00082 +0.00000    72 |  +0.057  +0.044  +0.034 | +0.00027 -0.00013
x10      -KL 2 -KB 5 -BT 3.5 -K -0.00215 -0.00565 -0.00158 -0.00082 +0.00000    72 |  +0.071  +0.067  +0.041 | +0.00056 -0.00028
x11      -KL 2 -KB 10 -BT 4 -KX -0.00369 -0.00989 -0.00473 -0.00245 +0.00215    72 |  +0.085  +0.040  +0.030 | +0.00128 +0.00003
x12      -KL 1 -KE 3 -BT 4.5 -K -0.00035 -0.00141 +0.00000 +0.00000 +0.00000    71 |  +0.027  +0.019  +0.020 | +0.00003 -0.00020

FLOORS: eff>=.8127 v15>=.8022 v510>=.7267 v1030>=.7170 d15>=.5613 d510>=71 fake<=.0480
LST   : nhB 10.151 nhT 10.010 nhE 3.559 | dup .0513 | eff .8136
