hists                           eff     v15    v510   v1030     d15   d15 cnt     d510 |    nhB    nhT    nhE |    fake     dup |  dupWin   nhWin    nTC status
---------------------------------------------------------------------------------------------------------------------------------------------------------------
T_cb6                       0.81294 0.80424 0.72871 0.71895 0.56223   524/932   71/285 |  9.834  9.744  3.451 | 0.04744 0.05658 | 0.09527  5.6556 476381 pass
T_f5                        0.81281 0.80424 0.72871 0.71895 0.56223   524/932   71/285 |  9.839  9.755  3.456 | 0.04746 0.05650 | 0.09511  5.6640 476368 pass
T_flag                      0.81325 0.80424 0.72871 0.71895 0.56330   525/932   71/285 |  9.794  9.698  3.417 | 0.04743 0.05708 | 0.09623  5.6027 476528 pass
bt35                        0.81268 0.80353 0.72871 0.71977 0.56330   525/932   71/285 |  9.835  9.756  3.455 | 0.04754 0.05656 | 0.09526  5.6633 476410 FAIL:EFF
bt3                         0.81268 0.80353 0.72871 0.71895 0.56223   524/932   71/285 |  9.845  9.779  3.464 | 0.04771 0.05638 | 0.09494  5.6785 476400 FAIL:EFF
bt4                         0.81298 0.80424 0.72871 0.71977 0.56330   525/932   71/285 |  9.822  9.731  3.444 | 0.04741 0.05672 | 0.09552  5.6442 476432 pass
c10                         0.81303 0.80424 0.72871 0.71814 0.56223   524/932   71/285 |  9.823  9.732  3.442 | 0.04747 0.05674 | 0.09555  5.6409 476459 pass
c1                          0.81290 0.80424 0.72871 0.71895 0.56116   523/932   72/285 |  9.838  9.752  3.455 | 0.04743 0.05653 | 0.09519  5.6621 476388 FAIL:D15
c2                          0.81263 0.80353 0.72713 0.71895 0.56223   524/932   71/285 |  9.843  9.765  3.460 | 0.04753 0.05649 | 0.09511  5.6719 476378 FAIL:EFF
c3                          0.81250 0.80353 0.72713 0.71814 0.56116   523/932   71/285 |  9.847  9.770  3.463 | 0.04753 0.05646 | 0.09505  5.6755 476359 FAIL:EFF,D15
c4                          0.81254 0.80353 0.72713 0.71895 0.56223   524/932   71/285 |  9.852  9.777  3.467 | 0.04755 0.05638 | 0.09492  5.6817 476357 FAIL:EFF
c5                          0.81290 0.80424 0.72871 0.71895 0.56116   523/932   72/285 |  9.838  9.753  3.455 | 0.04744 0.05653 | 0.09516  5.6623 476372 FAIL:D15
c6                          0.81281 0.80424 0.72871 0.71895 0.56116   523/932   72/285 |  9.841  9.759  3.457 | 0.04744 0.05649 | 0.09505  5.6661 476369 FAIL:D15
c7                          0.81254 0.80353 0.72713 0.71814 0.56116   523/932   71/285 |  9.849  9.772  3.465 | 0.04755 0.05639 | 0.09494  5.6787 476357 FAIL:EFF,D15
c8                          0.81303 0.80424 0.72871 0.71814 0.56223   524/932   71/285 |  9.818  9.725  3.438 | 0.04744 0.05679 | 0.09565  5.6354 476464 pass
c9                          0.81307 0.80424 0.72871 0.71895 0.56223   524/932   72/285 |  9.825  9.735  3.442 | 0.04744 0.05671 | 0.09554  5.6419 476445 pass
cb1                         0.81281 0.80424 0.72871 0.71895 0.56116   523/932   72/285 |  9.844  9.764  3.459 | 0.04747 0.05643 | 0.09494  5.6695 476356 FAIL:D15
cb2                         0.81311 0.80141 0.72871 0.71814 0.56116   523/932   72/285 |  9.832  9.760  3.448 | 0.04752 0.05646 | 0.09503  5.6529 476407 FAIL:V15,D15
cb3                         0.81290 0.80141 0.72871 0.71732 0.56009   522/932   72/285 |  9.844  9.771  3.458 | 0.04754 0.05637 | 0.09483  5.6688 476396 FAIL:V15,D15
cb4                         0.81285 0.80353 0.72871 0.71814 0.56116   523/932   72/285 |  9.836  9.754  3.452 | 0.04749 0.05655 | 0.09518  5.6580 476442 FAIL:D15
cb5                         0.81290 0.80424 0.72871 0.71895 0.56116   523/932   71/285 |  9.840  9.752  3.455 | 0.04747 0.05655 | 0.09520  5.6621 476381 FAIL:D15
cb6                         0.81294 0.80424 0.72871 0.71895 0.56223   524/932   71/285 |  9.834  9.744  3.451 | 0.04744 0.05658 | 0.09527  5.6556 476381 pass
f10                         0.81294 0.80424 0.72871 0.71895 0.56116   523/932   72/285 |  9.837  9.749  3.454 | 0.04743 0.05654 | 0.09517  5.6604 476376 FAIL:D15
f11                         0.81276 0.80424 0.72871 0.71895 0.56223   524/932   71/285 |  9.843  9.771  3.461 | 0.04753 0.05639 | 0.09490  5.6749 476351 pass
f12                         0.81232 0.80353 0.72871 0.71814 0.56116   523/932   71/285 |  9.890  9.793  3.474 | 0.04761 0.05624 | 0.09467  5.6937 476349 FAIL:EFF,D15
f1                          0.81290 0.80424 0.72871 0.71895 0.56116   523/932   72/285 |  9.835  9.748  3.453 | 0.04742 0.05657 | 0.09524  5.6585 476378 FAIL:D15
f2                          0.81294 0.80424 0.72871 0.71814 0.56116   523/932   71/285 |  9.835  9.746  3.452 | 0.04744 0.05655 | 0.09519  5.6581 476378 FAIL:D15
f3                          0.81294 0.80424 0.72871 0.71814 0.56116   523/932   71/285 |  9.832  9.743  3.451 | 0.04742 0.05658 | 0.09523  5.6558 476382 FAIL:D15
f4                          0.81298 0.80424 0.72871 0.71895 0.56223   524/932   71/285 |  9.828  9.736  3.446 | 0.04743 0.05669 | 0.09549  5.6477 476424 pass
f5                          0.81281 0.80424 0.72871 0.71895 0.56223   524/932   71/285 |  9.839  9.755  3.456 | 0.04746 0.05650 | 0.09511  5.6640 476368 pass
f6                          0.81290 0.80424 0.72871 0.71895 0.56116   523/932   72/285 |  9.841  9.758  3.457 | 0.04745 0.05652 | 0.09514  5.6653 476374 FAIL:D15
f7                          0.81303 0.80424 0.72871 0.71814 0.56116   523/932   72/285 |  9.833  9.749  3.450 | 0.04745 0.05658 | 0.09526  5.6540 476436 FAIL:D15
f8                          0.81285 0.80424 0.72871 0.71814 0.56009   522/932   72/285 |  9.844  9.763  3.459 | 0.04744 0.05645 | 0.09500  5.6687 476355 FAIL:D15
f9                          0.81294 0.80424 0.72871 0.71814 0.56116   523/932   71/285 |  9.832  9.742  3.450 | 0.04741 0.05662 | 0.09536  5.6545 476393 FAIL:D15
lb15                        0.81320 0.80424 0.72871 0.71895 0.56223   524/932   72/285 |  9.809  9.719  3.428 | 0.04745 0.05690 | 0.09590  5.6209 476501 pass
lb1                         0.81320 0.80424 0.72871 0.71814 0.56223   524/932   71/285 |  9.805  9.712  3.425 | 0.04743 0.05694 | 0.09598  5.6156 476491 pass
lb2                         0.81320 0.80424 0.72871 0.71895 0.56223   524/932   72/285 |  9.816  9.732  3.435 | 0.04746 0.05679 | 0.09569  5.6310 476477 pass
lb2b                        0.81320 0.80424 0.72871 0.71895 0.56223   524/932   72/285 |  9.820  9.737  3.438 | 0.04746 0.05676 | 0.09565  5.6361 476484 pass
lb2c                        0.81303 0.80212 0.72871 0.71895 0.56116   523/932   72/285 |  9.823  9.743  3.441 | 0.04746 0.05670 | 0.09553  5.6408 476455 FAIL:V15,D15
lb2d                        0.81303 0.80212 0.72871 0.71814 0.56116   523/932   72/285 |  9.826  9.749  3.443 | 0.04749 0.05662 | 0.09536  5.6452 476446 FAIL:V15,D15
lb3                         0.81311 0.80141 0.72871 0.71814 0.56116   523/932   72/285 |  9.832  9.760  3.448 | 0.04752 0.05646 | 0.09503  5.6529 476407 FAIL:V15,D15
lb4                         0.81268 0.80071 0.72871 0.71650 0.55794   520/932   72/285 |  9.858  9.806  3.467 | 0.04774 0.05601 | 0.09427  5.6847 476336 FAIL:EFF,V15,V1030,D15
lb5                         0.81184 0.79929 0.72871 0.70997 0.55579   518/932   72/285 |  9.894  9.858  3.487 | 0.04830 0.05560 | 0.09368  5.7205 476273 FAIL:EFF,V15,V1030,D15,FAKE
le1                         0.81325 0.80424 0.72871 0.71895 0.56330   525/932   71/285 |  9.797  9.701  3.419 | 0.04742 0.05703 | 0.09614  5.6060 476512 pass
le25                        0.81320 0.80424 0.72871 0.71895 0.56330   525/932   71/285 |  9.809  9.718  3.428 | 0.04745 0.05688 | 0.09589  5.6203 476497 pass
le2                         0.81320 0.80424 0.72871 0.71895 0.56330   525/932   71/285 |  9.800  9.704  3.421 | 0.04742 0.05699 | 0.09609  5.6089 476511 pass
le35                        0.81316 0.80424 0.72871 0.71895 0.56223   524/932   72/285 |  9.811  9.722  3.429 | 0.04744 0.05686 | 0.09585  5.6216 476500 pass
le3                         0.81320 0.80424 0.72871 0.71895 0.56330   525/932   71/285 |  9.804  9.711  3.424 | 0.04744 0.05694 | 0.09601  5.6138 476497 pass
le4                         0.81307 0.80424 0.72871 0.71814 0.56116   523/932   72/285 |  9.818  9.733  3.436 | 0.04746 0.05678 | 0.09569  5.6333 476484 FAIL:D15
lg1                         0.81276 0.80141 0.73028 0.71405 0.55687   519/932   72/285 |  9.839  9.787  3.452 | 0.04792 0.05625 | 0.09471  5.6613 476472 FAIL:V15,V1030,D15
lg2                         0.80578 0.79223 0.71767 0.69281 0.53863   502/932   71/285 |  9.961  9.903  3.502 | 0.05191 0.05580 | 0.09398  5.7456 476471 FAIL:EFF,V15,V510,V1030,D15,FAKE
lg3                         0.80675 0.79293 0.71924 0.69363 0.53433   498/932   72/285 |  9.941  9.870  3.496 | 0.05242 0.05612 | 0.09422  5.7332 476888 FAIL:EFF,V15,V510,V1030,D15,FAKE
lmax                        0.80973 0.79859 0.72240 0.70016 0.54506   508/932   71/285 |  9.890  9.833  3.468 | 0.04936 0.05598 | 0.09416  5.6888 476378 FAIL:EFF,V15,V510,V1030,D15,FAKE
r_def2                      0.80175 0.78516 0.71293 0.69608 0.54185   505/932   71/285 | 10.044  9.986  3.679 | 0.05363 0.06428 | 0.10935  5.9654 477805 FAIL:EFF,V15,V510,V1030,D15,FAKE
r_def                       0.80175 0.78516 0.71293 0.69608 0.54185   505/932   71/285 | 10.044  9.986  3.679 | 0.05363 0.06428 | 0.10935  5.9654 477805 FAIL:EFF,V15,V510,V1030,D15,FAKE
r_flag2                     0.81325 0.80424 0.72871 0.71895 0.56330   525/932   71/285 |  9.794  9.698  3.417 | 0.04743 0.05708 | 0.09623  5.6027 476528 pass
r_flag                      0.81325 0.80424 0.72871 0.71895 0.56330   525/932   71/285 |  9.794  9.698  3.417 | 0.04743 0.05708 | 0.09623  5.6027 476528 pass
t1c                         0.81303 0.80424 0.72871 0.71895 0.56223   524/932   72/285 |  9.830  9.745  3.448 | 0.04747 0.05662 | 0.09532  5.6508 476448 pass
w1                          0.81285 0.80424 0.72871 0.71814 0.56116   523/932   71/285 |  9.837  9.749  3.453 | 0.04741 0.05657 | 0.09523  5.6596 476371 FAIL:D15
w2                          0.81281 0.80424 0.72871 0.71895 0.56223   524/932   71/285 |  9.839  9.760  3.457 | 0.04748 0.05650 | 0.09508  5.6670 476356 pass
w3                          0.81268 0.80424 0.72871 0.71895 0.56223   524/932   71/285 |  9.844  9.771  3.462 | 0.04751 0.05640 | 0.09489  5.6757 476338 FAIL:EFF
w4                          0.81285 0.80424 0.72871 0.71895 0.56223   524/932   71/285 |  9.835  9.749  3.453 | 0.04744 0.05655 | 0.09520  5.6601 476380 pass
x10                         0.81110 0.79859 0.72713 0.71814 0.56330   525/932   72/285 |  9.864  9.765  3.459 | 0.04800 0.05681 | 0.09586  5.6708 476102 FAIL:EFF,V15
x11                         0.80956 0.79435 0.72397 0.71650 0.56545   527/932   72/285 |  9.879  9.738  3.447 | 0.04871 0.05712 | 0.09646  5.6492 475993 FAIL:EFF,V15,V510,V1030,FAKE
x12                         0.81290 0.80283 0.72871 0.71895 0.56330   525/932   71/285 |  9.821  9.717  3.437 | 0.04746 0.05688 | 0.09583  5.6321 476454 pass
x1                          0.81272 0.80283 0.72871 0.71977 0.56330   525/932   71/285 |  9.833  9.734  3.447 | 0.04745 0.05674 | 0.09559  5.6497 476376 pass
x2                          0.81268 0.80283 0.72871 0.71977 0.56330   525/932   71/285 |  9.836  9.735  3.449 | 0.04747 0.05675 | 0.09563  5.6516 476383 FAIL:EFF
x3                          0.81241 0.80283 0.72871 0.71977 0.56330   525/932   72/285 |  9.842  9.740  3.450 | 0.04752 0.05686 | 0.09583  5.6542 476305 FAIL:EFF
x4                          0.81237 0.80212 0.72713 0.71977 0.56223   524/932   72/285 |  9.842  9.743  3.450 | 0.04756 0.05682 | 0.09576  5.6549 476260 FAIL:EFF,V15
x5                          0.81171 0.79929 0.72713 0.71814 0.56330   525/932   72/285 |  9.853  9.750  3.451 | 0.04782 0.05681 | 0.09581  5.6573 476140 FAIL:EFF,V15
x6                          0.81210 0.80000 0.72871 0.71732 0.56330   525/932   72/285 |  9.829  9.727  3.434 | 0.04771 0.05690 | 0.09599  5.6294 476271 FAIL:EFF,V15
x7                          0.81022 0.79435 0.72397 0.71650 0.56438   526/932   72/285 |  9.855  9.735  3.438 | 0.04843 0.05707 | 0.09632  5.6364 476113 FAIL:EFF,V15,V510,V1030,FAKE
x8                          0.81281 0.80283 0.72871 0.71895 0.56330   525/932   72/285 |  9.815  9.711  3.427 | 0.04749 0.05697 | 0.09605  5.6184 476424 pass
x9                          0.81210 0.80000 0.72713 0.71814 0.56330   525/932   72/285 |  9.851  9.742  3.451 | 0.04770 0.05695 | 0.09597  5.6566 476262 FAIL:EFF,V15
