csv,label,evt,nT3,nMD,nMDused,nLS,E1,E2,maxDegIn,maxDegOut,keep8,keep16,keep32,keep64,keep128,keep256,keep512,keep1024,keep2048
csv,JET,0,154378,991,980,12008,44542034,2517160,1280,1456,13339,48805,171946,608150,2145851,7464939,23013476,41923920,44542034
csv,JET,1,41251,1007,1000,6856,3361487,282112,394,403,8687,31572,113815,400266,1304079,2729853,3361487,3361487,3361487
csv,JET,2,63298,665,658,7438,8087622,594263,723,520,9011,33355,125585,467201,1545900,4136884,7311497,8087622,8087622
csv,JET,3,97977,909,898,8943,17512720,1194054,799,923,8601,32939,125806,480885,1812433,6092698,13814156,17512720,17512720
csv,JET,4,78490,919,901,8570,12184756,763702,812,740,9082,34305,130547,491185,1771828,5481042,11089887,12184756,12184756
csv,JET,5,111749,1025,1013,11739,14400056,1107753,1248,1370,12588,47532,178611,663575,2186962,5191131,10659458,13799797,14400056
csv,JET,6,15099,563,550,3416,681982,87552,198,439,4917,16883,59130,187194,487718,647944,681982,681982,681982
csv,JET,7,9002,552,544,2199,334360,45075,180,164,4529,15985,55828,154447,306533,334360,334360,334360,334360
csv,JET,8,42848,966,951,6830,4104853,286289,504,466,9087,32482,119575,430565,1407304,3273982,4104853,4104853,4104853
csv,PU200,0,35420,20584,18835,33010,49236,25361,63,105,30965,39049,43690,49058,49236,49236,49236,49236,49236
csv,PU200,1,37151,20510,18728,34932,58364,27859,76,138,31479,43537,52960,57184,58334,58364,58364,58364,58364
csv,PU200,2,38604,21147,19354,36532,59906,28383,91,291,34349,45695,52937,56727,58765,59661,59906,59906,59906
csv,PU200,3,44751,23175,21236,40786,71211,35239,140,263,43349,59697,67360,70070,70536,71176,71211,71211,71211
csv,PU200,4,25288,16098,14669,24343,32068,18022,48,94,22893,28675,30779,31740,32068,32068,32068,32068,32068
csv,PU200,5,42741,23242,21071,40521,60744,30778,125,137,37830,50204,56430,59200,60699,60744,60744,60744,60744
csv,PU200,6,36915,19324,17667,33429,57090,28380,146,112,34702,46102,53506,56657,57090,57090,57090,57090,57090
csv,PU200,7,49804,25817,23670,46069,67729,33850,77,166,45662,58885,65001,66556,67359,67729,67729,67729,67729
csv,PU200,8,52410,25871,23588,47956,86769,37971,93,178,52654,71986,82048,85561,86715,86769,86769,86769,86769
csv,PU200,9,38640,22083,20122,36706,69360,29167,89,167,35502,48340,61140,68401,69360,69360,69360,69360,69360
csv,PU200,10,43980,21260,19495,38321,105758,41503,127,132,40045,58731,80041,100606,105758,105758,105758,105758,105758
csv,PU200,11,28822,18086,16482,28004,34233,20918,73,272,25232,30685,32904,33823,34034,34231,34233,34233,34233
csv,PU200,12,45563,23189,21298,41735,81087,35538,87,195,42370,58976,71175,78313,80172,81087,81087,81087,81087
csv,PU200,13,58553,28134,25861,53580,106096,43236,85,104,58015,83750,100463,105419,106096,106096,106096,106096,106096
csv,PU200,14,37136,19893,18184,34076,71946,29444,96,73,35341,51504,65619,71664,71946,71946,71946,71946,71946
csv,PU200,15,60300,25817,23690,49626,545392,77207,191,234,54934,86240,128381,225381,440931,545392,545392,545392,545392
csv,PU200,16,27857,17495,16023,27053,31118,19175,43,112,22858,27841,30589,31118,31118,31118,31118,31118,31118
csv,PU200,17,26169,15687,14262,24588,32628,17927,103,154,21655,26613,29705,32073,32628,32628,32628,32628,32628
csv,PU200,18,42994,24233,22119,41472,57025,29949,74,122,39621,49920,55197,56915,57025,57025,57025,57025,57025
csv,PU200,19,48124,22757,20939,42178,84228,37840,138,119,44395,62866,77176,82832,84228,84228,84228,84228,84228
csv,PU200,20,46301,22820,20875,40220,97158,40709,97,138,42158,61327,78501,91504,97088,97158,97158,97158,97158
csv,PU200,21,46041,24834,22719,44109,62989,31811,75,121,41454,54930,61168,62410,62989,62989,62989,62989,62989
csv,PU200,22,31476,17552,16082,29430,41940,21013,234,243,26334,34499,38466,40182,41290,41940,41940,41940,41940
csv,PU200,23,42230,22298,20337,39463,67374,31815,69,138,40930,54061,62181,65670,67304,67374,67374,67374,67374
csv,PU200,24,48868,22002,20247,40191,104862,38417,278,408,40282,58900,79550,100215,104110,104697,104862,104862,104862
csv,PU200,25,79972,35269,32547,72217,139961,60738,157,200,79884,111267,129317,137518,139496,139961,139961,139961,139961
csv,PU200,26,41545,21346,19538,38050,72631,32382,106,131,41829,57399,66369,71375,72622,72631,72631,72631,72631
csv,PU200,27,31744,19386,17764,30539,38914,21346,107,83,27671,34148,37082,38745,38914,38914,38914,38914,38914
csv,PU200,28,38316,22141,20244,37174,67482,29454,88,86,36592,49295,62703,67366,67482,67482,67482,67482,67482
csv,PU200,29,31048,17308,15819,28983,42033,19598,267,331,24823,30884,34335,36188,38701,41808,42033,42033,42033
csv,PU200,30,56841,28340,26003,51842,82172,39959,109,86,53962,71896,80083,81782,82172,82172,82172,82172,82172
csv,PU200,31,49682,24750,22766,44769,87370,37053,109,150,44935,62198,76075,84741,87238,87370,87370,87370,87370
csv,PU200,32,48720,24181,22210,44349,87723,41404,98,318,45639,64736,79964,86517,87533,87661,87723,87723,87723
csv,PU200,33,37706,20904,19157,35262,49644,26827,135,175,34214,44261,48642,49640,49644,49644,49644,49644,49644
csv,PU200,34,26669,17220,15637,26348,34200,19069,67,81,23931,30517,33693,34200,34200,34200,34200,34200,34200
csv,PU200,35,40971,21835,19879,37824,69847,32733,94,157,37763,52886,65909,69044,69760,69847,69847,69847,69847
csv,PU200,36,55603,27219,25036,51168,91003,42116,61,212,56209,76406,86167,89515,90625,91003,91003,91003,91003
csv,PU200,37,44102,21714,19967,38871,147144,44433,141,123,39768,60679,86462,122337,146537,147144,147144,147144,147144
csv,PU200,38,40031,21127,19316,36343,69906,30189,207,141,35600,50669,63089,68822,69811,69906,69906,69906,69906
csv,PU200,39,51355,25998,23793,46731,75588,37436,289,228,48547,63998,71986,75240,75588,75588,75588,75588,75588
csv,PU200,40,42955,22509,20654,39602,61801,30457,116,298,39982,53019,57793,59716,60781,61549,61801,61801,61801
csv,PU200,41,40811,21850,20023,38196,63493,30004,125,126,39219,54818,61724,63339,63493,63493,63493,63493,63493
csv,PU200,42,56324,24958,22865,49238,99666,44078,230,190,52856,77237,93288,97504,99128,99666,99666,99666,99666
csv,PU200,43,39457,21801,19899,36732,54583,29031,80,180,34430,44197,49522,52676,54233,54583,54583,54583,54583
csv,PU200,44,31095,15436,14039,25649,121955,32937,118,134,22078,34030,54401,96573,121954,121955,121955,121955,121955
csv,PU200,45,44404,24436,22354,42211,57910,30157,59,99,39960,50713,56417,57866,57910,57910,57910,57910,57910
csv,PU200,46,34924,20116,18362,32970,41185,22412,122,121,28196,35772,39736,40958,41185,41185,41185,41185,41185
csv,PU200,47,40584,21815,19966,38612,56864,28569,77,231,38320,49329,55164,56774,56864,56864,56864,56864,56864
csv,PU200,48,41886,22226,20419,39473,59361,30592,86,93,39319,52359,58251,59129,59361,59361,59361,59361,59361
csv,PU200,49,63285,29169,26710,56293,127213,49342,123,286,59192,87568,114194,123489,124903,126823,127213,127213,127213
csv,PU200,50,28879,17743,16034,27904,37904,20213,70,77,25866,33860,37062,37902,37904,37904,37904,37904,37904
csv,PU200,51,38983,21934,19949,36280,55162,28719,98,165,35218,46076,52602,55036,55162,55162,55162,55162,55162
csv,PU200,52,55497,25400,23211,47567,102280,43618,165,212,50567,71384,87241,97727,101318,102280,102280,102280,102280
csv,PU200,53,35933,20257,18415,34516,48107,25888,48,79,33434,42845,47348,48107,48107,48107,48107,48107,48107
csv,PU200,54,43930,21841,19976,37474,60857,28054,231,358,34579,43446,48225,52468,57482,60359,60857,60857,60857
csv,PU200,55,38472,21719,19836,36574,55827,27476,61,103,34011,44476,51217,54939,55827,55827,55827,55827,55827
csv,PU200,56,34035,20190,18458,32915,42087,23268,56,90,29697,37604,41427,42087,42087,42087,42087,42087,42087
csv,PU200,57,38653,20918,18980,35871,63381,28312,147,118,37427,51862,60608,62918,63381,63381,63381,63381,63381
csv,PU200,58,51282,25599,23467,45468,107575,44016,96,207,46482,66946,86089,104158,107467,107575,107575,107575,107575
csv,PU200,59,49756,24436,22450,45018,80322,35965,133,132,47529,64994,73964,78687,80306,80322,80322,80322,80322
csv,PU200,60,28695,17602,16097,28229,32167,19343,53,66,23884,28820,31583,32162,32167,32167,32167,32167,32167
csv,PU200,61,51367,24826,22689,44562,131562,47319,115,161,47094,70195,99573,130242,131550,131562,131562,131562,131562
csv,PU200,62,45700,23101,21094,40755,83245,37379,99,105,43689,64073,75916,81274,83245,83245,83245,83245,83245
csv,PU200,63,37273,21791,20039,36015,46019,26785,121,121,32577,39409,43352,45519,46019,46019,46019,46019,46019
csv,PU200,64,47941,24882,22660,44491,65256,33437,78,210,42334,56177,63283,64833,65256,65256,65256,65256,65256
csv,PU200,65,57461,28592,26329,52692,95629,42486,99,132,58279,80101,89562,93348,95573,95629,95629,95629,95629
csv,PU200,66,42077,23575,21548,40062,60488,30566,51,79,43263,55074,59338,60436,60488,60488,60488,60488,60488
csv,PU200,67,34906,20108,18260,33044,44085,24884,148,167,30595,38935,42466,43749,44007,44085,44085,44085,44085
csv,PU200,68,55332,22653,20705,42499,442445,88414,379,256,43243,71073,124210,231314,380781,442445,442445,442445,442445
csv,PU200,69,50461,26661,24336,47710,85579,35422,130,124,46883,64914,79003,84240,85579,85579,85579,85579,85579
csv,PU200,70,38573,20195,18462,33687,88308,32794,89,253,34151,49058,68320,86973,88115,88308,88308,88308,88308
csv,PU200,71,55182,27150,24823,50814,95967,42069,126,292,51502,72441,86385,93344,95755,95967,95967,95967,95967
csv,PU200,72,41206,22145,20125,38445,55324,27496,106,408,33772,44613,50299,53563,54484,54868,55324,55324,55324
csv,PU200,73,32874,18487,16853,30438,46303,24260,75,218,27555,36602,42903,45839,46150,46303,46303,46303,46303
csv,PU200,74,52142,25687,23533,47944,83236,38198,58,118,50716,69375,79859,82826,83236,83236,83236,83236,83236
csv,PU200,75,32641,18288,16662,30163,45201,22244,124,259,26132,33468,37795,40996,44158,45192,45201,45201,45201
csv,PU200,76,32803,19015,17404,31014,42964,24049,102,175,28498,36698,40263,41624,42400,42964,42964,42964,42964
csv,PU200,77,78581,33175,30543,67924,164289,64586,343,439,76329,109459,127231,137282,148669,160289,164289,164289,164289
csv,PU200,78,55222,27238,24900,50899,92480,40381,127,107,55627,77494,89026,92374,92480,92480,92480,92480,92480
csv,PU200,79,61341,29930,27365,55930,102333,46633,64,116,59605,83737,97522,101870,102333,102333,102333,102333,102333
csv,PU200,80,38930,21981,20105,37062,54983,27799,48,94,35240,45431,51221,54121,54983,54983,54983,54983,54983
csv,PU200,81,24731,15133,13841,23158,54686,21394,79,83,21480,31689,44324,53530,54686,54686,54686,54686,54686
csv,PU200,82,28447,16941,15527,27241,36720,20346,68,192,25681,32248,35222,35930,36432,36720,36720,36720,36720
csv,PU200,83,29824,17986,16407,28811,39659,21284,129,73,25523,34627,38941,39659,39659,39659,39659,39659,39659
csv,PU200,84,27264,15018,13641,24440,56494,23972,164,87,23105,36155,48957,55633,56494,56494,56494,56494,56494
csv,PU200,85,32756,18833,17153,31271,45150,23922,83,206,26722,36012,42121,44666,45072,45150,45150,45150,45150
csv,PU200,86,43267,21524,19782,38698,71178,33233,97,191,40752,54481,61440,66968,69702,71178,71178,71178,71178
csv,PU200,87,74676,33935,31284,67508,132241,56892,80,115,79324,112294,127625,131615,132241,132241,132241,132241,132241
csv,PU200,88,46414,25446,23244,43625,62542,33630,57,95,43192,54882,60218,62429,62542,62542,62542,62542,62542
csv,PU200,89,33516,17496,16081,29590,68633,28397,79,197,30324,43865,59528,67831,68633,68633,68633,68633,68633
csv,PU200,90,51925,24935,22825,45735,102441,42997,116,554,46847,68410,86169,97072,100021,101505,102441,102441,102441
csv,PU200,91,45229,23580,21390,41293,97121,35977,193,199,41412,58862,78174,92509,95731,97121,97121,97121,97121
csv,PU200,92,48820,24387,22274,43677,121371,41468,100,102,46203,71179,101616,118175,121371,121371,121371,121371,121371
csv,PU200,93,24147,15525,14044,23719,25005,16760,56,115,19164,22385,23673,24779,25005,25005,25005,25005,25005
csv,PU200,94,31156,19105,17394,30371,39617,22721,79,127,26642,33777,37640,39044,39617,39617,39617,39617,39617
csv,PU200,95,46847,23522,21423,41984,77526,33738,122,307,41278,57437,66903,71513,73912,76868,77526,77526,77526
csv,PU200,96,42136,22265,20279,38994,57349,29196,94,170,36338,48497,55616,57129,57349,57349,57349,57349,57349
csv,PU200,97,63039,30430,27892,57078,114657,46938,61,146,61931,88290,105939,112720,114393,114657,114657,114657,114657
csv,PU200,98,37719,21129,19246,35693,54494,26951,56,60,34549,46868,53361,54494,54494,54494,54494,54494,54494
csv,PU200,99,63937,30337,27846,57600,115164,51330,340,222,62103,88698,108219,113166,114630,115164,115164,115164,115164
csv,PU200,100,35926,20304,18479,34539,39826,23414,78,163,29757,36570,39005,39716,39826,39826,39826,39826,39826
csv,PU200,101,42156,20711,19098,37203,81814,35644,119,114,40437,58093,71785,79500,81814,81814,81814,81814,81814
csv,PU200,102,36978,20699,18647,33403,119023,33322,168,154,27775,37954,54384,82110,111518,119023,119023,119023,119023
csv,PU200,103,54031,25534,23400,47662,123886,46402,98,174,50217,78512,108910,122564,123699,123886,123886,123886,123886
csv,PU200,104,61521,28154,25841,55282,125591,48293,98,119,61462,91256,113079,123722,125591,125591,125591,125591,125591
csv,PU200,105,30275,17608,16017,28394,38244,22213,72,84,25797,32777,37018,38170,38244,38244,38244,38244,38244
csv,PU200,106,33050,19995,18223,32201,40574,23826,69,77,29645,36944,39942,40535,40574,40574,40574,40574,40574
csv,PU200,107,47981,24357,22310,43735,84374,36996,214,129,45902,66261,79791,83793,84369,84374,84374,84374,84374
csv,PU200,108,76082,29015,26850,61951,245056,72990,107,411,79380,125860,173413,230451,242136,244066,245056,245056,245056
csv,PU200,109,31131,18673,17053,29452,55012,25734,80,83,28268,40247,51559,54958,55012,55012,55012,55012,55012
csv,PU200,110,42859,22810,20906,39571,72541,31845,108,82,39000,54990,67246,72229,72541,72541,72541,72541,72541
csv,PU200,111,36726,20155,18497,34014,57480,30518,61,213,34143,47236,55030,56698,57372,57480,57480,57480,57480
csv,PU200,112,50334,24573,22500,45006,85992,39317,167,148,49432,69123,79115,83437,85797,85992,85992,85992,85992
csv,PU200,113,55324,26988,24659,50761,92293,40533,67,78,55706,77353,88319,92116,92293,92293,92293,92293,92293
csv,PU200,114,46400,24622,22470,43087,82599,37288,110,170,42512,58053,71213,79653,82439,82599,82599,82599,82599
csv,PU200,115,47506,23667,21762,43713,75821,35305,88,98,44027,61910,73026,75670,75821,75821,75821,75821,75821
csv,PU200,116,53929,26825,24627,49152,80740,41190,89,164,49954,66966,75615,79413,80713,80740,80740,80740,80740
csv,PU200,117,37807,20959,19242,35008,53199,27308,72,228,32271,42262,48383,51752,52923,53199,53199,53199,53199
csv,PU200,118,35270,20049,18496,33937,48650,26639,101,140,33747,44227,47713,48498,48626,48650,48650,48650,48650
csv,PU200,119,41969,21135,19386,37386,67189,30857,500,120,36089,50232,60303,65750,67189,67189,67189,67189,67189
csv,PU200,120,58588,26678,24387,52447,93992,43821,124,241,54063,76344,88698,92781,93891,93992,93992,93992,93992
csv,PU200,121,36617,21358,19451,35663,48336,25637,64,80,33976,43419,46910,48224,48336,48336,48336,48336,48336
csv,PU200,122,43854,24055,21968,41404,59741,30893,81,257,38445,48966,54877,57816,58976,59736,59741,59741,59741
csv,PU200,123,29645,18040,16533,28024,35927,20570,48,134,25121,31434,34344,35615,35915,35927,35927,35927,35927
csv,PU200,124,43911,22445,20674,39516,71197,33560,118,232,38827,51864,60707,67946,70874,71197,71197,71197,71197
csv,PU200,125,59109,27973,25821,53859,122696,46486,96,120,64003,89480,106386,117566,122696,122696,122696,122696,122696
csv,PU200,126,57516,28393,26034,52300,84227,41045,76,166,52899,71527,79539,83171,84163,84227,84227,84227,84227
csv,PU200,127,59030,29001,26556,54846,110141,47308,114,141,57658,83753,102963,109139,110063,110141,110141,110141,110141
csv,PU200,128,33679,18801,17210,31026,49550,25181,97,201,30940,40481,45905,47947,49024,49550,49550,49550,49550
csv,PU200,129,36633,18433,16887,31605,190325,45390,166,196,31054,46137,70535,125487,178991,190325,190325,190325,190325
csv,PU200,130,52843,26225,24036,48375,91559,40929,102,219,49425,71208,86256,90370,91200,91559,91559,91559,91559
csv,PU200,131,78297,34695,31985,70281,162028,62969,161,133,85136,125652,150907,159661,162028,162028,162028,162028,162028
csv,PU200,132,23451,15060,13661,23004,24778,15749,93,96,18504,22231,23890,24708,24778,24778,24778,24778,24778
csv,PU200,133,46789,25381,23264,44453,68329,32877,109,84,44058,57190,64768,68213,68329,68329,68329,68329,68329
csv,PU200,134,47617,23497,21495,42967,72370,33684,124,141,44026,59751,67913,70950,72313,72370,72370,72370,72370
csv,PU200,135,31414,17614,16138,28956,61032,25380,69,103,27195,36815,47982,59927,61032,61032,61032,61032,61032
csv,PU200,136,51120,25549,23375,47371,79375,36940,71,117,49050,66116,74673,78854,79375,79375,79375,79375,79375
csv,PU200,137,34526,20691,18910,33595,42901,24990,56,81,30731,38559,42092,42901,42901,42901,42901,42901,42901
csv,PU200,138,37342,18441,16878,31793,163667,45327,153,98,34533,57668,99377,146805,162514,163667,163667,163667,163667
csv,PU200,139,43930,22698,20686,39750,105693,37830,108,137,41344,60023,78858,95561,105589,105693,105693,105693,105693
csv,PU200,140,48262,22517,20833,41758,155451,52105,105,141,45779,73083,108471,144748,155425,155451,155451,155451,155451
csv,PU200,141,58861,28346,26085,54674,104537,45120,102,128,60688,88268,101974,104379,104537,104537,104537,104537,104537
csv,PU200,142,26932,16532,15044,25945,39607,19822,86,113,24553,33172,38155,39402,39607,39607,39607,39607,39607
csv,PU200,143,41192,23616,21494,40342,58573,29733,100,311,38681,50962,56564,57330,57658,58298,58573,58573,58573
csv,PU200,144,74754,30187,27826,62514,208127,70778,161,202,76038,121309,164854,188796,205578,208127,208127,208127,208127
csv,PU200,145,55500,27120,24801,49617,113829,43820,114,213,52212,76332,96230,109626,113630,113829,113829,113829,113829
csv,PU200,146,77728,33518,30859,67499,151654,62177,95,223,74852,109355,133094,144266,149717,151654,151654,151654,151654
csv,PU200,147,41999,23129,21097,38822,71501,31971,143,218,37501,50329,60314,67464,71305,71501,71501,71501,71501
csv,PU200,148,40694,23350,21241,39224,44867,26546,140,60,33898,41613,44613,44867,44867,44867,44867,44867,44867
csv,PU200,149,27608,16672,15209,26594,38537,20718,63,96,23678,30837,37202,38535,38537,38537,38537,38537,38537

# pooled JET: E1=105209870  max per-MD degree seen=1456
#   cap=8     keeps        79841 (0.000759 of E1)  removes 0.999241
#   cap=16    keeps       293858 (0.002793 of E1)  removes 0.997207
#   cap=32    keeps      1080843 (0.010273 of E1)  removes 0.989727
#   cap=64    keeps      3883468 (0.036912 of E1)  removes 0.963088
#   cap=128   keeps     12968608 (0.123264 of E1)  removes 0.876736
#   cap=256   keeps     35352833 (0.336022 of E1)  removes 0.663978
#   cap=512   keeps     74371156 (0.706884 of E1)  removes 0.293116
#   cap=1024  keeps    101991497 (0.969410 of E1)  removes 0.030590
#   cap=2048  keeps    105209870 (1.000000 of E1)  removes 0.000000
# pooled PU200: E1=12413824  max per-MD degree seen=554
#   cap=8     keeps      6122665 (0.493213 of E1)  removes 0.506787
#   cap=16    keeps      8475294 (0.682730 of E1)  removes 0.317270
#   cap=32    keeps     10223812 (0.823583 of E1)  removes 0.176417
#   cap=64    keeps     11434943 (0.921146 of E1)  removes 0.078854
#   cap=128   keeps     12167813 (0.980182 of E1)  removes 0.019818
#   cap=256   keeps     12404621 (0.999259 of E1)  removes 0.000741
#   cap=512   keeps     12413824 (1.000000 of E1)  removes 0.000000
#   cap=1024  keeps     12413824 (1.000000 of E1)  removes 0.000000
#   cap=2048  keeps     12413824 (1.000000 of E1)  removes 0.000000
