=== r_FINBASE.root (300 evts) ===
OVERALL (denom |eta|<4.5, all pt)  nTC=618793  fakeRate=0.05389
type          nTC      nFake fakeFrac   perEvtTC   perEvtFk
4          128072      11197  0.08743     426.91      37.32
5           40623       5633  0.13867     135.41      18.78
7          172779       1369  0.00792     575.93       4.56
8          267058      12140  0.04546     890.19      40.47
9           10261       3006  0.29295      34.20      10.02
ALL        618793      33345  0.05389    2062.64     111.15

PER REGION (pt>0.9): fake counts / denom / rate
type         den_B       num_B     fr_B       den_T       num_T     fr_T       den_E       num_E     fr_E
4            46616        4790  0.10275       32594        3255  0.09987       19315        1033  0.05348
5            16104        2126  0.13202        5312        1112  0.20934        6579        1630  0.24776
7            68066         330  0.00485       33759         368  0.01090       57535         513  0.00892
8             9541         285  0.02987        4929         461  0.09353      172158        8176  0.04749
9             3032        2046  0.67480         798         146  0.18296        3971         393  0.09897
ALL         143359        9577  0.06680       77392        5342  0.06903      259558       11745  0.04525

=== r_A_a50.root (300 evts) ===
OVERALL (denom |eta|<4.5, all pt)  nTC=616319  fakeRate=0.05365
type          nTC      nFake fakeFrac   perEvtTC   perEvtFk
4           65339       9611  0.14709     217.80      32.04
5           40057       5322  0.13286     133.52      17.74
7          235512       3143  0.01335     785.04      10.48
8          265150      11985  0.04520     883.83      39.95
9           10261       3006  0.29295      34.20      10.02
ALL        616319      33067  0.05365    2054.40     110.22

PER REGION (pt>0.9): fake counts / denom / rate
type         den_B       num_B     fr_B       den_T       num_T     fr_T       den_E       num_E     fr_E
4            21821        4240  0.19431       17121        2758  0.16109       11348         834  0.07349
5            15868        1983  0.12497        5168        1020  0.19737        6495        1590  0.24480
7            94401         870  0.00922       49856         858  0.01721       65416         955  0.01460
8             8478         255  0.03008        4896         439  0.08967      171807        8111  0.04721
9             3032        2046  0.67480         798         146  0.18296        3971         393  0.09897
ALL         143600        9394  0.06542       77839        5221  0.06707      259037       11883  0.04587

=== rb_base300.root (300 evts) ===
OVERALL (denom |eta|<4.5, all pt)  nTC=608190  fakeRate=0.04471
type          nTC      nFake fakeFrac   perEvtTC   perEvtFk
4           41826       2661  0.06362     139.42       8.87
5           45445       1581  0.03479     151.48       5.27
7          241043       3741  0.01552     803.48      12.47
8          268362      12308  0.04586     894.54      41.03
9           11514       6902  0.59944      38.38      23.01
ALL        608190      27193  0.04471    2027.30      90.64

PER REGION (pt>0.9): fake counts / denom / rate
type         den_B       num_B     fr_B       den_T       num_T     fr_T       den_E       num_E     fr_E
4            14474        1339  0.09251       10612         719  0.06775        8491         170  0.02002
5            18028         362  0.02008        6334         241  0.03805        6982         549  0.07863
7            95295         883  0.00927       52212         802  0.01536       64466        1501  0.02328
8             7289         253  0.03471        4453         459  0.10308      175657        8337  0.04746
9             3781        3063  0.81010        1699        1133  0.66686        3979        1392  0.34984
ALL         138867        5900  0.04249       75310        3354  0.04454      259575       11949  0.04603

=== r_T00.root (300 evts) ===
OVERALL (denom |eta|<4.5, all pt)  nTC=615752  fakeRate=0.05234
type          nTC      nFake fakeFrac   perEvtTC   perEvtFk
4          128072      11197  0.08743     426.91      37.32
5           40623       5633  0.13867     135.41      18.78
7          172779       1369  0.00792     575.93       4.56
8          264017      11024  0.04175     880.06      36.75
9           10261       3006  0.29295      34.20      10.02
ALL        615752      32229  0.05234    2052.51     107.43

PER REGION (pt>0.9): fake counts / denom / rate
type         den_B       num_B     fr_B       den_T       num_T     fr_T       den_E       num_E     fr_E
4            46616        4790  0.10275       32594        3255  0.09987       19315        1033  0.05348
5            16104        2126  0.13202        5312        1112  0.20934        6579        1630  0.24776
7            68066         330  0.00485       33759         368  0.01090       57535         513  0.00892
8             8827         276  0.03127        4618         276  0.05977      171137        7423  0.04337
9             3032        2046  0.67480         798         146  0.18296        3971         393  0.09897
ALL         142645        9568  0.06708       77081        5157  0.06690      258537       10992  0.04252

