=== r_W_X4.root (977 evts) ===
OVERALL (denom |eta|<4.5, all pt)  nTC=2033868  fakeRate=0.05456
type          nTC      nFake fakeFrac   perEvtTC   perEvtFk
4          420846      37339  0.08872     430.75      38.22
5          133407      18952  0.14206     136.55      19.40
7          568839       4413  0.00776     582.23       4.52
8          877078      40329  0.04598     897.73      41.28
9           33698       9935  0.29482      34.49      10.17
ALL       2033868     110968  0.05456    2081.75     113.58

PER REGION (pt>0.9): fake counts / denom / rate
type         den_B       num_B     fr_B       den_T       num_T     fr_T       den_E       num_E     fr_E
4           153628       15929  0.10369      106645       10648  0.09985       63112        3514  0.05568
5            52833        7155  0.13543       17328        3644  0.21030       21652        5509  0.25443
7           224112        1029  0.00459      111445        1247  0.01119      189117        1614  0.00853
8            31338         984  0.03140       16071        1603  0.09974      565647       27115  0.04794
9            10081        6779  0.67245        2580         471  0.18256       12868        1267  0.09846
ALL         471992       31876  0.06754      254069       17613  0.06932      852396       39019  0.04578

=== fin_base977.root (977 evts) ===
OVERALL (denom |eta|<4.5, all pt)  nTC=1998494  fakeRate=0.04517
type          nTC      nFake fakeFrac   perEvtTC   perEvtFk
4          137314       8912  0.06490     140.55       9.12
5          149024       5276  0.03540     152.53       5.40
7          792588      11995  0.01513     811.25      12.28
8          881388      40813  0.04631     902.14      41.77
9           38180      23273  0.60956      39.08      23.82
ALL       1998494      90269  0.04517    2045.54      92.39

PER REGION (pt>0.9): fake counts / denom / rate
type         den_B       num_B     fr_B       den_T       num_T     fr_T       den_E       num_E     fr_E
4            47921        4573  0.09543       34591        2371  0.06854       27686         541  0.01954
5            58772        1218  0.02072       21187         828  0.03908       22509        1858  0.08254
7           313376        2837  0.00905      171861        2674  0.01556      211675        4723  0.02231
8            23868         862  0.03612       14547        1602  0.11013      577205       27628  0.04787
9            12783       10445  0.81710        5637        3780  0.67057       12906        4697  0.36394
ALL         456720       19935  0.04365      247823       11255  0.04542      851981       39447  0.04630

