A. HEADLINE + DISPLACED BANDS + TRACK LENGTH
tag                 eff    vxy01      v15     v510    v1030      d15     d510    d1030      dup     fake      nhB      nhT      nhE      nTC
DIAG            0.80992  0.84282  0.79459  0.73356  0.74139  0.61650  0.20161  0.03073  0.06230  0.05551  9.80254  9.87906  3.55956   618793
O_7             0.80992  0.84282  0.79459  0.73356  0.74139  0.61650  0.20161  0.03073  0.06229  0.05551  9.80254  9.87918  3.55961   618786
O_6             0.80970  0.84258  0.79459  0.73356  0.74139  0.61650  0.20161  0.03073  0.05954  0.05557  9.84870  9.88251  3.56121   617796
O_5             0.80944  0.84230  0.79459  0.73356  0.74139  0.61650  0.20161  0.03073  0.05774  0.05560  9.87729  9.88621  3.56445   616749
O_45            0.80926  0.84211  0.79459  0.73187  0.74139  0.61650  0.20161  0.03073  0.05726  0.05559  9.88605  9.88979  3.56699   616227
O_4             0.80886  0.84168  0.79313  0.73187  0.74139  0.61650  0.20161  0.03073  0.05695  0.05555  9.89357  9.89440  3.56983   615657
O_35            0.80758  0.84035  0.79167  0.73187  0.74139  0.61650  0.20161  0.03073  0.05364  0.05559  9.93610  9.93438  3.57756   613556
M1_O5           0.80184  0.83469  0.78143  0.73019  0.74139  0.61650  0.20161  0.03073  0.04788  0.05563 10.03730 10.02794  3.57982   611060
S_45            0.80939  0.84225  0.79459  0.73187  0.74139  0.61650  0.20161  0.03073  0.05743  0.05559  9.88507  9.88800  3.56562   616429
S_4             0.80904  0.84187  0.79313  0.73187  0.74139  0.61650  0.20161  0.03073  0.05719  0.05555  9.89168  9.89171  3.56782   615963
S_3             0.80617  0.83887  0.79020  0.73187  0.74139  0.61650  0.20161  0.03073  0.05142  0.05559  9.97000  9.96637  3.58275   612036
S_2             0.80082  0.83331  0.78363  0.73019  0.74139  0.61650  0.20161  0.03073  0.04736  0.05551 10.04878 10.05444  3.60565   606968
R_O5            0.81067  0.84358  0.79532  0.73356  0.74139  0.61650  0.20161  0.03073  0.06900  0.05530  9.76148  9.76562  3.55326   621337
R_O45           0.80970  0.84253  0.79532  0.73187  0.74139  0.61650  0.20161  0.03073  0.06171  0.05547  9.83781  9.84154  3.56213   618121
T45_O6          0.81014  0.84301  0.79532  0.73356  0.74139  0.61650  0.20161  0.03073  0.06400  0.05545  9.80062  9.83420  3.55624   619715
T45_O5          0.80988  0.84272  0.79532  0.73356  0.74139  0.61650  0.20161  0.03073  0.06221  0.05547  9.82893  9.83800  3.55956   618649
T5_O5           0.81067  0.84358  0.79532  0.73356  0.74139  0.61650  0.20161  0.03073  0.06900  0.05530  9.76148  9.76562  3.55326   621337
GATE            0.80992  0.84282  0.79459  0.73356  0.74139  0.61650  0.20161  0.03073  0.06230  0.05551  9.80254  9.87906  3.55956   618793
LST(target)     0.80988  0.84296  0.77193  0.65430  0.66453  0.55407  0.20968  0.05674  0.05179  0.04476 10.14804 10.01546  3.56248   608190

B. PER REGION
tag                effB     effT     effE     dupB     dupT     dupE     fakB     fakT     fakE
DIAG            0.92660  0.88213  0.74496  0.04344  0.03431  0.08106  0.06680  0.06903  0.04525
O_7             0.92660  0.88213  0.74496  0.04344  0.03431  0.08104  0.06680  0.06903  0.04525
O_6             0.92625  0.88187  0.74485  0.03480  0.03418  0.08071  0.06710  0.06904  0.04522
O_5             0.92580  0.88162  0.74474  0.02990  0.03398  0.08011  0.06727  0.06901  0.04520
O_45            0.92557  0.88162  0.74452  0.02872  0.03386  0.07990  0.06732  0.06900  0.04516
O_4             0.92512  0.88162  0.74396  0.02809  0.03378  0.07970  0.06736  0.06900  0.04506
O_35            0.92330  0.88035  0.74308  0.02270  0.02848  0.07808  0.06758  0.06924  0.04496
M1_O5           0.91419  0.86889  0.74252  0.01189  0.01768  0.07632  0.06815  0.06950  0.04474
S_45            0.92569  0.88187  0.74463  0.02875  0.03394  0.08017  0.06732  0.06901  0.04516
S_4             0.92523  0.88187  0.74418  0.02814  0.03387  0.08008  0.06735  0.06901  0.04507
S_3             0.92102  0.87856  0.74252  0.01894  0.02482  0.07709  0.06777  0.06936  0.04484
S_2             0.91465  0.87016  0.73898  0.01265  0.01912  0.07469  0.06815  0.06966  0.04440
R_O5            0.92762  0.88366  0.74518  0.04770  0.05444  0.08517  0.06655  0.06828  0.04517
R_O45           0.92603  0.88289  0.74463  0.03589  0.04167  0.08193  0.06700  0.06872  0.04514
T45_O6          0.92671  0.88315  0.74496  0.04195  0.04197  0.08276  0.06677  0.06876  0.04521
T45_O5          0.92625  0.88289  0.74485  0.03709  0.04178  0.08216  0.06694  0.06874  0.04518
T5_O5           0.92762  0.88366  0.74518  0.04770  0.05444  0.08517  0.06655  0.06828  0.04517
GATE            0.92660  0.88213  0.74496  0.04344  0.03431  0.08106  0.06680  0.06903  0.04525
LST(target)     0.92557  0.88187  0.74596  0.00989  0.01264  0.08556  0.04249  0.04454  0.04603

C. SEED LEDGER (per event): ownership-arm retirements, class-A/B newly retired by the
   whole crossclean, class-A survivors (the population this angle targets)
tag               XCOret   Aretire   Bretire     Asurv   sel A:B
DIAG                 0.0     113.9       5.8      26.3      19.6
O_7                183.2     113.9       5.8      26.3      19.6
O_6                227.8     116.7       6.3      23.5      18.5
O_5                260.0     118.9       7.4      21.3      16.1
O_45               276.6     119.5       8.5      20.8      14.1
O_4                295.6     119.9       9.7      20.3      12.4
O_35               343.3     123.6      12.7      16.6       9.7
M1_O5              491.1     129.5      14.8      10.7       8.8
S_45               235.2     119.2       8.1      21.0      14.7
S_4                250.1     119.6       9.1      20.7      13.1
S_3                338.2     125.9      15.2      14.3       8.3
S_2                460.4     130.1      26.9      10.2       4.8
R_O5               550.2     106.0       5.2      34.2      20.4
R_O45              606.1     114.4       7.3      25.8      15.7
T45_O6             228.5     111.6       5.0      28.6      22.3
T45_O5             261.0     113.8       6.2      26.4      18.4
T5_O5              262.2     106.0       5.2      34.2      20.4
GATE            (pending)
