SKEPTIC-3 INDEPENDENT RE-DERIVATION (all numbers recomputed from _hists.root, not from any agent json)

--- my own runs ---
tag                        eff   vxy01     v15    v510   v1030     d15    fake     dup |   dupB   dupT   dupE   dupW |    nhB    nhT   nhE |  d510    nTC      ms floors        
--------------------------------------------------------------------------------------------------------------------------------------------------------------------------------
s3_gdef                0.80175 0.83441 0.78516 0.71293 0.69608 0.54185 0.05363 0.06428 | 0.0157 0.0282 0.1001 0.1093 | 10.044  9.986 3.679 | 71/285 477805     nan EFF,V15,V510,V1030,D15,FAKE
s3_gfl                 0.81325 0.84610 0.80424 0.72871 0.71895 0.56330 0.04743 0.05708 | 0.0140 0.0230 0.0902 0.0962 |  9.794  9.698 3.417 | 71/285 476528     nan pass          
s3_xe_par              0.81325 0.84610 0.80424 0.72871 0.71895 0.56330 0.04743 0.05708 | 0.0140 0.0230 0.0902 0.0962 |  9.794  9.698 3.417 | 71/285 476528     nan pass          
s3_xe_win              0.81298 0.84586 0.80353 0.72871 0.71895 0.56330 0.04761 0.05707 | 0.0139 0.0230 0.0902 0.0962 |  9.881  9.852 3.448 | 71/285 476528    60.0 pass          
s3_xe_t2               0.81276 0.84563 0.80353 0.72871 0.71895 0.56223 0.04764 0.05661 | 0.0138 0.0224 0.0896 0.0953 |  9.904  9.895 3.476 | 72/285 476448    60.0 pass          
s3_xt_par              0.81325 0.84610 0.80424 0.72871 0.71895 0.56330 0.04743 0.05708 | 0.0140 0.0230 0.0902 0.0962 |  9.794  9.698 3.417 | 71/285 476528     nan pass          
s3_xt_b7               0.81333 0.84619 0.80424 0.72871 0.71895 0.56330 0.04740 0.05823 | 0.0140 0.0230 0.0922 0.0988 |  9.794  9.698 3.426 | 71/285 476847     nan pass          
s3_xt_b8               0.81325 0.84610 0.80424 0.72871 0.71895 0.56330 0.04743 0.05727 | 0.0140 0.0230 0.0905 0.0967 |  9.794  9.698 3.419 | 71/285 476584     nan pass          
s3_xt_b12              0.81325 0.84610 0.80424 0.72871 0.71895 0.56330 0.04743 0.05708 | 0.0140 0.0230 0.0902 0.0962 |  9.794  9.698 3.417 | 71/285 476528     nan pass          
s3_xt_ceil             0.81469 0.84761 0.80565 0.73975 0.72467 0.56867 0.06595 0.12989 | 0.0843 0.1297 0.1553 0.1937 |  9.805  9.732 3.693 | 72/285 507477     nan FAKE          

--- ex_extend artifacts re-derived ---
tag                        eff   vxy01     v15    v510   v1030     d15    fake     dup |   dupB   dupT   dupE   dupW |    nhB    nhT   nhE |  d510    nTC      ms floors        
--------------------------------------------------------------------------------------------------------------------------------------------------------------------------------
gate_fl                0.81325 0.84610 0.80424 0.72871 0.71895 0.56330 0.04743 0.05708 | 0.0140 0.0230 0.0902 0.0962 |  9.794  9.698 3.417 | 71/285 476528     nan pass          
my_fl                  0.81325 0.84610 0.80424 0.72871 0.71895 0.56330 0.04743 0.05708 | 0.0140 0.0230 0.0902 0.0962 |  9.794  9.698 3.417 | 71/285 476528     nan pass          
ex_w010                0.81325 0.84610 0.80424 0.72871 0.71895 0.56330 0.04745 0.05708 | 0.0140 0.0230 0.0902 0.0962 |  9.798  9.702 3.421 | 71/285 476528     nan pass          
ex_w025                0.81303 0.84591 0.80283 0.72871 0.71895 0.56330 0.04754 0.05708 | 0.0140 0.0230 0.0902 0.0962 |  9.808  9.722 3.427 | 71/285 476528     nan pass          
ex_w050                0.81268 0.84558 0.80212 0.72871 0.71895 0.56330 0.04786 0.05702 | 0.0139 0.0229 0.0901 0.0961 |  9.826  9.782 3.439 | 71/285 476528     nan EFF,V15       
ex_w100                0.81162 0.84454 0.79929 0.72713 0.71814 0.56116 0.04896 0.05679 | 0.0138 0.0221 0.0900 0.0959 |  9.871  9.943 3.463 | 71/285 476528     nan EFF,V15,D15,FAKE
ex_w200                0.80802 0.84090 0.79435 0.72082 0.70588 0.55365 0.05228 0.05631 | 0.0135 0.0212 0.0895 0.0952 |  9.978 10.314 3.514 | 71/285 476528     nan EFF,V15,V510,V1030,D15,FAKE
ex_w400                0.80025 0.83299 0.78375 0.70032 0.69118 0.54506 0.06051 0.05502 | 0.0128 0.0181 0.0885 0.0933 | 10.203 11.003 3.629 | 69/285 476528     nan EFF,V15,V510,V1030,D15,FAKE,D510
ex_r25_10              0.81263 0.84548 0.80283 0.72871 0.71977 0.56330 0.04800 0.05700 | 0.0139 0.0228 0.0901 0.0961 |  9.854  9.818 3.447 | 71/285 476528     nan EFF           
ex_s1_w25r10           0.81298 0.84586 0.80353 0.72871 0.71977 0.56330 0.04753 0.05708 | 0.0140 0.0230 0.0902 0.0962 |  9.846  9.793 3.442 | 71/285 476528     nan pass          
ex_s1_w25r20           0.81298 0.84586 0.80353 0.72871 0.71895 0.56330 0.04761 0.05707 | 0.0139 0.0230 0.0902 0.0962 |  9.881  9.852 3.448 | 71/285 476528     nan pass          
ex_s1_w25r30           0.81285 0.84572 0.80283 0.72713 0.71814 0.56223 0.04768 0.05704 | 0.0139 0.0229 0.0902 0.0962 |  9.902  9.888 3.452 | 71/285 476528     nan pass          
ex_s1_w25r50           0.81285 0.84572 0.80283 0.72713 0.71814 0.56223 0.04775 0.05704 | 0.0139 0.0229 0.0902 0.0962 |  9.906  9.906 3.455 | 71/285 476528     nan pass          
ex_s1_lbt              0.81276 0.84563 0.80353 0.72871 0.71977 0.56223 0.04757 0.05662 | 0.0138 0.0225 0.0896 0.0953 |  9.875  9.836 3.470 | 72/285 476448     nan pass          
ex_s3_w25r10           0.81246 0.84534 0.80283 0.72871 0.71650 0.55043 0.04800 0.05697 | 0.0136 0.0229 0.0902 0.0962 |  9.952  9.825 3.447 | 67/285 476528     nan EFF,V1030,D15,D510

--- ex_twoway artifacts re-derived ---
tag                        eff   vxy01     v15    v510   v1030     d15    fake     dup |   dupB   dupT   dupE   dupW |    nhB    nhT   nhE |  d510    nTC      ms floors        
--------------------------------------------------------------------------------------------------------------------------------------------------------------------------------
tw_gdef                0.80175 0.83441 0.78516 0.71293 0.69608 0.54185 0.05363 0.06428 | 0.0157 0.0282 0.1001 0.1093 | 10.044  9.986 3.679 | 71/285 477805     nan EFF,V15,V510,V1030,D15,FAKE
tw_gflag               0.81325 0.84610 0.80424 0.72871 0.71895 0.56330 0.04743 0.05708 | 0.0140 0.0230 0.0902 0.0962 |  9.794  9.698 3.417 | 71/285 476528     nan pass          
tw_b0                  0.81448 0.84738 0.80495 0.73817 0.72222 0.56652 0.05521 0.12597 | 0.0795 0.1210 0.1528 0.1897 |  9.809  9.720 3.662 | 71/285 500037     nan FAKE          
tw_b2                  0.81404 0.84695 0.80424 0.73186 0.71895 0.56438 0.04748 0.10191 | 0.0448 0.0810 0.1384 0.1671 |  9.802  9.705 3.590 | 71/285 488896     nan pass          
tw_b4                  0.81364 0.84653 0.80424 0.72871 0.71895 0.56330 0.04699 0.07736 | 0.0277 0.0335 0.1165 0.1315 |  9.797  9.699 3.509 | 71/285 481880     nan pass          
tw_b6                  0.81347 0.84634 0.80424 0.72871 0.71895 0.56330 0.04735 0.06058 | 0.0149 0.0232 0.0959 0.1035 |  9.794  9.698 3.440 | 71/285 477482     nan pass          
tw_b8                  0.81325 0.84610 0.80424 0.72871 0.71895 0.56330 0.04743 0.05727 | 0.0140 0.0230 0.0905 0.0967 |  9.794  9.698 3.419 | 71/285 476584     nan pass          
tw_size2               0.81469 0.84761 0.80565 0.73975 0.72467 0.56867 0.06595 0.12989 | 0.0843 0.1297 0.1553 0.1937 |  9.805  9.732 3.693 | 72/285 507477     nan FAKE          
tw_size2nb             0.81623 0.84917 0.80989 0.74132 0.73284 0.57403 0.05195 0.54349 | 0.6622 0.6568 0.4214 0.5744 | 10.060  9.951 4.710 | 73/285 652909     nan FAKE          
