3 122 4 9527 23914
5 623 9 20642 26959
29 239 4 15621 37468
38 1279 9 34336 41917
46 412 9 563 2096
48 312 4 24300 45052
55 711 9 36361 58109
55 1017 4 21333 54842
57 163 9 39830 50583
61 568 9 533 1928
68 116 9 1124 3763
69 199 4 14189 1982
70 270 9 27265 36526
76 1059 4 21342 3511
99 890 4 21766 51752
103 975 4 21107 52631
103 976 4 21105 52618
111 298 9 23166 3079
112 654 9 27490 39224
118 786 9 25936 38596
120 424 9 32788 3720
121 1110 9 16378 26187
135 280 9 39091 47939
140 362 9 22549 35638
151 438 4 22174 43437
158 1055 4 20343 36188
159 829 9 33646 43009
162 836 9 886 3055
165 741 9 25550 37639
177 929 4 15102 35055
184 635 9 28125 38895
188 922 9 40090 47335
200 346 9 23984 36956
200 851 4 21200 36985
201 1022 9 41138 49882
212 434 9 35081 43227
229 665 9 3195 4167
234 227 4 16911 33598
235 439 4 14148 3881
239 563 4 20951 37243
248 442 4 18624 42905
248 558 9 36308 43563
248 1192 4 21759 40286
257 878 9 33844 39210
268 671 9 615 2033
275 213 9 24378 35532
275 270 4 13267 41455
289 1077 9 3510 5332
293 1180 9 4382 5338
