A13 SCOREBOARD -- frozen 300-evt subset (rebase_ref/LSTNtuple_instr_300evt.root)

A. HEADLINE + DISPLACED BANDS + TRACK LENGTH
tag                     eff    vxy01      v15     v510    v1030      d15     d510    d1030      dup     fake      nhB      nhT      nhE      nTC
GATE0               0.80992  0.84282  0.79459  0.73356  0.74139  0.61650  0.20161  0.03073  0.06230  0.05551  9.80254  9.87906  3.55956   618793
GATE2               0.80992  0.84282  0.79459  0.73356  0.74139  0.61650  0.20161  0.03073  0.06230  0.05551  9.80254  9.87906  3.55956   618793
C_RPSA6             0.80979  0.84268  0.79459  0.73356  0.74139  0.61650  0.20161  0.03073  0.05956  0.05557  9.84857  9.88238  3.56108   617813
C_RPSA55            0.80970  0.84258  0.79459  0.73356  0.74139  0.61650  0.20161  0.03073  0.05853  0.05560  9.86488  9.88353  3.56221   617338
C_RPSA5             0.80957  0.84244  0.79459  0.73356  0.74139  0.61650  0.20161  0.03073  0.05787  0.05560  9.87688  9.88519  3.56361   616872
C_RPSA45            0.80939  0.84225  0.79459  0.73187  0.74139  0.61650  0.20161  0.03073  0.05743  0.05559  9.88507  9.88800  3.56562   616429
C_RPSA4             0.80904  0.84187  0.79313  0.73187  0.74139  0.61650  0.20161  0.03073  0.05719  0.05555  9.89168  9.89171  3.56782   615963
C_RPSA45X35         0.80851  0.84134  0.79386  0.73187  0.74139  0.61650  0.20161  0.03073  0.05437  0.05566  9.91947  9.92265  3.56968   615031
B_X1D45             0.80984  0.84268  0.79532  0.73187  0.74139  0.61650  0.20161  0.03073  0.06188  0.05547  9.83685  9.83964  3.56075   618327
B_X1D4              0.80904  0.84187  0.79313  0.73187  0.74139  0.61650  0.20161  0.03073  0.05719  0.05555  9.89168  9.89171  3.56782   615963
B_X1D35             0.80780  0.84058  0.79167  0.73187  0.74139  0.61650  0.20161  0.03073  0.05390  0.05560  9.93329  9.93103  3.57489   613983
B_X1D5              0.81085  0.84377  0.79532  0.73356  0.74139  0.61650  0.20161  0.03073  0.06913  0.05530  9.76107  9.76425  3.55240   621470
B_X1D6              0.81209  0.84505  0.79605  0.73356  0.74139  0.61650  0.20161  0.03073  0.10039  0.05449  9.42750  9.48280  3.53169   633459
DC1_6               0.80984  0.84272  0.79459  0.73356  0.74139  0.61650  0.20161  0.03073  0.06228  0.05551  9.80267  9.87918  3.55968   618776
DC1_5               0.80979  0.84268  0.79459  0.73356  0.74139  0.61650  0.20161  0.03073  0.06218  0.05551  9.80295  9.88008  3.56040   618669
DC1_4               0.80975  0.84263  0.79459  0.73356  0.74139  0.61650  0.20161  0.03073  0.06205  0.05551  9.80466  9.88187  3.56158   618478
DC2_6               0.80979  0.84268  0.79459  0.73356  0.74139  0.61650  0.20161  0.03073  0.05956  0.05557  9.84857  9.88238  3.56108   617813
DC2_4X1             0.80904  0.84187  0.79313  0.73187  0.74139  0.61650  0.20161  0.03073  0.05719  0.05555  9.89168  9.89171  3.56782   615963
B_X1D35B            0.80758  0.84035  0.79167  0.73187  0.74139  0.61650  0.20161  0.03073  0.05364  0.05559  9.93610  9.93438  3.57756   613556
RXC1                0.81302  0.84600  0.79678  0.73356  0.74139  0.61650  0.20161  0.03073  0.15634  0.05295  8.80701  9.06081  3.51133   653007
LST(base)           0.80988  0.84296  0.77193  0.65430  0.66453  0.55407  0.20968  0.05674  0.05179  0.04476 10.14804 10.01546  3.56248   608190

B. PER REGION
tag                    effB     effT     effE     dupB     dupT     dupE     fakB     fakT     fakE    nhAll      nhB      nhT      nhE     nSim      nTC
GATE0               0.92660  0.88213  0.74496  0.04344  0.03431  0.08106  0.06680  0.06903  0.04525  6.44117  9.80254  9.87906  3.55956    62555   618793
GATE2               0.92660  0.88213  0.74496  0.04344  0.03431  0.08106  0.06680  0.06903  0.04525  6.44117  9.80254  9.87906  3.55956    62555   618793
C_RPSA6             0.92637  0.88187  0.74496  0.03480  0.03418  0.08074  0.06710  0.06904  0.04522  6.45201  9.84857  9.88238  3.56108    62555   617813
C_RPSA55            0.92625  0.88187  0.74485  0.03179  0.03406  0.08052  0.06720  0.06903  0.04521  6.45642  9.86488  9.88353  3.56221    62555   617338
C_RPSA5             0.92591  0.88187  0.74485  0.02991  0.03400  0.08032  0.06727  0.06900  0.04520  6.46030  9.87688  9.88519  3.56361    62555   616872
C_RPSA45            0.92569  0.88187  0.74463  0.02875  0.03394  0.08017  0.06732  0.06901  0.04516  6.46416  9.88507  9.88800  3.56562    62555   616429
C_RPSA4             0.92523  0.88187  0.74418  0.02814  0.03387  0.08008  0.06735  0.06901  0.04507  6.46800  9.89168  9.89171  3.56782    62555   615963
C_RPSA45X35         0.92421  0.88086  0.74429  0.02382  0.02868  0.07874  0.06750  0.06923  0.04514  6.47848  9.91947  9.92265  3.56968    62555   615031
B_X1D45             0.92614  0.88315  0.74474  0.03591  0.04176  0.08220  0.06699  0.06874  0.04515  6.44489  9.83685  9.83964  3.56075    62555   618327
B_X1D4              0.92523  0.88187  0.74418  0.02814  0.03387  0.08008  0.06735  0.06901  0.04507  6.46800  9.89168  9.89171  3.56782    62555   615963
B_X1D35             0.92352  0.88060  0.74330  0.02276  0.02858  0.07849  0.06757  0.06925  0.04498  6.48716  9.93329  9.93103  3.57489    62555   613983
B_X1D5              0.92773  0.88391  0.74540  0.04771  0.05452  0.08539  0.06654  0.06827  0.04517  6.41391  9.76107  9.76425  3.55240    62555   621470
B_X1D6              0.92956  0.88493  0.74629  0.10694  0.10545  0.09509  0.06450  0.06658  0.04506  6.29715  9.42750  9.48280  3.53169    62555   633459
DC1_4               0.92648  0.88187  0.74474  0.04337  0.03421  0.08068  0.06682  0.06902  0.04524  6.44386  9.80466  9.88187  3.56158    62555   618478
DC2_6               0.92637  0.88187  0.74496  0.03480  0.03418  0.08074  0.06710  0.06904  0.04522  6.45201  9.84857  9.88238  3.56108    62555   617813
DC2_4X1             0.92523  0.88187  0.74418  0.02814  0.03387  0.08008  0.06735  0.06901  0.04507  6.46800  9.89168  9.89171  3.56782    62555   615963
RXC1                0.93092  0.88620  0.74673  0.22608  0.18334  0.10538  0.06040  0.06373  0.04497  6.10126  8.80701  9.06081  3.51133    62555   653007
LST(base)           0.92557  0.88187  0.74596  0.00989  0.01264  0.08556  0.04249  0.04454  0.04603  6.51865 10.14804 10.01546  3.56248    62555   608190

C. TRUTH PARTITION (-XCD 2, per event, universe 1569.2 seeds/evt)
tag                A_N  A_cons   A_rps    A_xc  A_surv |   B_rps    B_xc  B_surv |    C_xc  C_surv delivT3
GATE0            676.0   301.7   234.1   113.9    26.3 |     7.2     5.8   823.4 |     4.2    40.5     nan
C_RPSA6          676.0   301.7   299.7    51.1    23.6 |     8.8     4.6   823.0 |     3.7    40.4     nan
C_RPSA55         676.0   301.7   323.0    28.9    22.4 |    10.1     3.7   822.6 |     3.4    40.3     nan
C_RPSA5          676.0   301.7   337.5    15.3    21.5 |    11.6     2.8   822.0 |     3.1    40.3     nan
C_RPSA45         676.0   301.7   346.2     7.1    21.0 |    13.5     1.8   821.1 |     2.8    40.2     nan
C_RPSA4          676.0   301.7   351.7     2.0    20.7 |    15.7     0.6   820.1 |     2.6    40.0     nan
B_X1D45          676.0   301.7   234.1   114.1    26.1 |     7.2     6.9   822.3 |     4.4    40.2     nan
DC2_6            676.0   301.7   234.1   116.7    23.6 |     7.2     6.2   823.0 |     4.3    40.4     nan
DC2_4X1          676.0   301.7   234.1   119.6    20.7 |     7.2     9.1   820.1 |     4.7    40.0     nan
