A02 SCOREBOARD -- purpose-built seed-vs-chain DEDUP HEAD trained on the SHARP label
Frozen 300-evt subset of rebase_ref/LSTNtuple_instr_977evt.root. One knob: -XCH 1 -XCT <t>.

A. HEADLINE (300 evts)
tag                     eff    vxy01      v15     v510    v1030      d15     d510    d1030      dup     fake      nhB      nhT      nhE      nTC
GATE4               0.80992  0.84282  0.79459  0.73356  0.74139  0.61650  0.20161  0.03073  0.06230  0.05551  9.80254  9.87906  3.55956   618793
T05                 0.81085  0.84377  0.79459  0.73356  0.74139  0.61650  0.20161  0.03073  0.06212  0.05378  9.80938  9.87612  3.56746   617489
T025                0.81059  0.84348  0.79459  0.73356  0.74139  0.61650  0.20161  0.03073  0.06010  0.05376  9.83024  9.89824  3.57066   616590
T00                 0.81019  0.84306  0.79459  0.73356  0.74139  0.61650  0.20161  0.03073  0.05819  0.05377  9.85160  9.91892  3.57362   615752
TM025               0.80953  0.84239  0.79386  0.73356  0.74139  0.61650  0.20161  0.03073  0.05645  0.05376  9.87188  9.93735  3.57674   614929
TM05                0.80908  0.84192  0.79386  0.73356  0.74139  0.61650  0.20161  0.03073  0.05486  0.05376  9.88960  9.95676  3.57994   614114
TM10                0.80767  0.84049  0.79240  0.73187  0.74139  0.61650  0.20161  0.03073  0.05218  0.05373  9.92312  9.99177  3.58712   612387
A7T00               0.80935  0.84230  0.78874  0.73356  0.74139  0.61650  0.20161  0.03073  0.06116  0.04786  9.85186  9.93663  3.54313   611003
A7TM05              0.80820  0.84106  0.78874  0.73356  0.74139  0.61650  0.20161  0.03073  0.05752  0.04783  9.88982  9.98017  3.55029   609224
H16                 0.80758  0.84077  0.78582  0.73187  0.74139  0.61650  0.20161  0.03073  0.05969  0.05371  9.83933  9.92316  3.56639   617292
H045                0.80467  0.83773  0.78363  0.73187  0.74139  0.61650  0.20161  0.03073  0.05281  0.05361  9.92473  9.99464  3.57913   613777
LST(base)           0.80988  0.84296  0.77193  0.65430  0.66453  0.55407  0.20968  0.05674  0.05179  0.04476 10.14804 10.01546  3.56248   608190

B. PER REGION (300 evts)
tag                    effB     effT     effE     dupB     dupT     dupE     fakB     fakT     fakE    nhAll      nhB      nhT      nhE     nSim      nTC
GATE4               0.92660  0.88213  0.74496  0.04344  0.03431  0.08106  0.06680  0.06903  0.04525  6.44117  9.80254  9.87906  3.55956    62555   618793
T05                 0.92751  0.88416  0.74551  0.03860  0.03771  0.08243  0.06683  0.06689  0.04264  6.44993  9.80938  9.87612  3.56746    62555   617489
T00                 0.92682  0.88238  0.74529  0.03237  0.03190  0.08026  0.06708  0.06690  0.04252  6.46873  9.85160  9.91892  3.57362    62555   615752
TM025               0.92603  0.88111  0.74496  0.02950  0.02953  0.07932  0.06719  0.06695  0.04243  6.47770  9.87188  9.93735  3.57674    62555   614929
TM05                0.92569  0.88035  0.74452  0.02709  0.02696  0.07845  0.06729  0.06704  0.04235  6.48633  9.88960  9.95676  3.57994    62555   614114
TM10                0.92341  0.87907  0.74374  0.02324  0.02303  0.07675  0.06751  0.06711  0.04218  6.50358  9.92312  9.99177  3.58712    62555   612387
A7T00               0.92352  0.88035  0.74729  0.03508  0.03422  0.08329  0.05809  0.05893  0.03902  6.43462  9.85186  9.93663  3.54313    62555   611003
LST(base)           0.92557  0.88187  0.74596  0.00989  0.01264  0.08556  0.04249  0.04454  0.04603  6.51865 10.14804 10.01546  3.56248    62555   608190
