# run lumi evt seed tc cls df00 df01 df02 df03 df04 df05 df06 df07 df08 df09 df10 df11 df12 df13 df14 df15 df16 df17 df18 df19 df20 df21
1 46 4560 486 21 0 0.963348 0.67051 0.000470745 0.000232889 0.000377764 -0.00937835 0.270012 3.57281 3.57281 -30 6 12 35.4578 0.980523 0.642983 4 1 0 0 1 1 1
1 46 4560 141 50 0 -0.0857797 1.79163 0.00238922 0.0018181 3.63713 0.0775501 9.24294 -1.73517 -1.11917 1.54989 7 14 33.6891 0.268829 1.88545 3 2 0 0 1 1 2
1 46 4560 901 51 0 0.0297044 1.82759 0.00176656 0.00145975 54.9911 -0.0627806 12.6791 2.38409 2.38409 5.06268 7 14 33.5808 0.0560162 1.84333 3 24 0 0 0 2 24
1 46 4560 1017 54 1 -0.0955826 1.85453 0.00193735 0.0017273 0.00842688 -0.0990621 7.25408 2.64972 2.64972 2.21201 7 14 37.6747 -0.0392136 1.86037 4 6 0 0 0 1 6
1 46 4560 443 57 1 -0.0710434 1.76416 0.00237164 0.00198482 0.000802733 -0.0830129 9.58505 0.30824 0.30824 0.530618 7 14 33.4845 -0.0241 1.81985 3 3 0 0 1 1 2
1 46 4560 1926 57 2 -0.092337 1.80628 0.00207089 0.00185248 8.51447 -0.0934436 9.79271 0.861213 0.861213 5.69078 7 14 33.4845 -0.0241 1.81985 3 1 0 0 1 1 2
1 46 4560 319 97 1 0.0948773 0.560235 0.000676835 0.00122898 3.57399 0.0673257 5.30526 1.08346 1.08346 -30 6 12 30.5141 -0.0710701 0.643952 3 1 0 0 1 2 1
1 46 4560 1962 128 1 0.0804436 2.215 0.00293599 0.00130233 23.3085 -0.0401349 15.3973 -1.33707 -0.570223 -1.07534 6 12 29.9431 0.407282 2.23341 3 36 0 0 0 1 36
1 46 4560 313 131 1 0.411084 0.421876 0.00040138 0.0006006 0.132922 -0.0333382 2.30751 -2.33118 0.915022 4.99449 6 12 29.9346 0.0839961 0.479227 3 1 0 0 1 2 2
1 46 4560 319 131 1 0.0948773 0.560235 0.000676835 0.00122898 3.57399 0.0673257 5.30526 0.304571 1.08346 -30 6 12 29.9346 0.0839961 0.479227 3 1 0 0 1 2 2
1 46 4560 529 175 1 0.682836 0.15844 0.000276942 0.000421646 0.00289401 0.0175481 1.98729 -1.24726 0.228208 -30 6 12 29.451 0.287467 0.202911 3 1 0 0 1 2 1
1 46 4560 90 180 1 -0.0773944 0.0252908 0.000250461 0.00183526 0.00041147 0.101422 0.465536 -2.83036 -0.71381 2.4739 6 12 29.3764 0.393056 0.00433994 3 1 0 0 1 1 1
1 46 4560 237 209 0 1.08137 0.452631 0.000401483 0.000168024 0.00038207 0.00711505 0.210366 0.498815 3.70938 -30 6 12 28.8559 0.930188 0.440851 3 1 0 0 1 3 2
1 46 4560 238 209 0 0.953926 0.472474 0.000354967 0.000212308 0.000380167 -0.00950328 0.140138 3.44545 3.44545 -30 6 12 28.8559 0.930188 0.440851 3 1 0 0 1 3 2
1 46 4560 23 210 1 0.0931011 1.62197 0.00152511 0.00122515 0.923448 0.0579112 7.1979 -0.810014 -0.324356 3.66487 6 12 29.7174 0.565043 1.56473 3 2 0 0 1 6 2
1 46 4560 99 219 1 0.000953678 1.79773 0.00197016 0.00153901 1.79693e-05 0.0653218 8.59301 2.76689 2.76689 4.03911 6 12 28.7 -0.0336901 1.81408 3 2 0 0 1 1 8
1 46 4560 234 244 1 -0.0688173 0.295729 0.000571368 0.00174948 1.48828 -0.0996097 8.32094 -1.3577 0.889795 1.65494 6 12 29.8967 -0.0335794 0.244862 3 1 0 0 1 2 1
1 46 4560 372 245 1 -0.0888502 0.73004 0.00130156 0.00197562 0.00170377 0.104833 4.74411 -1.38862 -0.109297 2.91006 5 10 27.378 0.031177 0.786332 3 1 0 0 1 1 1
1 46 4560 24 254 1 0.178788 0.0499535 0.000291959 0.00110801 0.00145188 0.0548876 3.78921 -2.72585 -0.137338 5.26613 6 12 27.1522 0.0300827 0.0334056 3 1 0 0 1 1 1
1 46 4560 171 260 2 0.321462 0.786644 0.000703637 0.000875918 0.000545338 0.0415249 1.71416 0.84627 0.84627 2.59907 5 10 27.0108 -0.0135864 0.871773 3 1 0 0 1 2 1
1 46 4560 7 273 0 0.585926 1.4525 0.00071013 0.000401389 64.6646 0.0189484 10.5917 0.196487 3.69265 -30 5 10 26.7662 0.359501 1.51698 3 1 0 0 1 5 3
1 46 4560 23 273 1 0.0931011 1.62197 0.00152511 0.00122515 0.923448 0.0579112 7.1979 -0.913691 -0.324356 3.66487 5 10 26.7662 0.359501 1.51698 3 2 0 0 1 6 3
1 46 4560 777 277 1 0.22962 2.42952 0.00441794 0.00106613 0.000638669 -0.0266615 12.7491 -2.20601 -0.141618 -0.0865542 5 10 26.7361 0.108458 2.39691 3 14 0 0 0 1 53
1 46 4560 4788 277 1 -0.0750097 2.35248 0.00285983 0.00186595 69.6633 -0.083248 31.945 -2.84717 -2.51192 4.60229 5 10 26.7361 0.108458 2.39691 3 36 0 0 0 1 53
1 46 4560 386 280 1 -0.066913 0.641849 0.00115919 0.00193023 0.00119192 -0.0960914 5.65135 -0.79458 -0.491059 3.7829 6 12 26.6418 0.0758535 0.579628 3 2 0 0 0 1 2
1 46 4560 1564 299 1 -0.0431772 2.35516 0.00507769 0.0022736 0.00014672 -0.0536291 16.9396 -1.641 -0.543447 2.14683 5 10 26.4564 0.251046 2.32299 3 8 0 0 0 1 44
1 46 4560 6037 299 1 0.207837 2.34284 0.00258811 0.000974464 10.5739 0.0443018 33.195 3.00989 3.00989 1.51319 5 10 26.4564 0.251046 2.32299 3 11 0 0 0 1 44
1 46 4560 8856 299 1 -0.010285 2.32645 0.00242035 0.00154373 16.0498 0.0953107 40.323 0.0274379 0.236583 -0.582067 5 10 26.4564 0.251046 2.32299 3 12 0 0 0 1 44
1 46 4560 197 312 1 0.0349566 1.69319 0.00176332 0.00115598 42.827 -0.056551 12.622 -2.90813 -1.40535 2.66551 6 12 28.4925 0.223773 1.74757 3 4 0 0 0 1 4
1 46 4560 458 340 1 0.0538375 1.72704 0.00146353 0.00130129 9.64484e-06 -0.0652919 4.23728 1.19284 1.19284 2.81389 5 10 25.9512 0.234253 1.6237 3 1 0 0 1 1 1
1 46 4560 244 346 1 0.0588601 0.677227 0.0008984 0.00135629 0.944716 -0.0720665 3.76353 0.169359 0.169359 5.0242 6 12 29.3895 0.0603689 0.668566 3 1 0 0 1 1 1
1 46 4560 321 347 1 0.302985 0.0058709 0.000262598 0.000873167 0.000385451 0.0426918 1.45668 -2.48054 0.358055 2.72334 6 12 26.4432 0.0480654 0.00970436 3 1 0 0 1 1 1
1 46 4560 402 364 1 -0.0724738 1.56111 0.00161869 0.00170213 0.00159143 0.0761411 1.62264 2.48351 2.48351 4.60287 6 12 29.1292 -0.0677571 1.48107 3 4 0 0 1 2 4
1 46 4560 165 376 0 -0.0227792 0.202159 0.00045032 0.00153836 0.333024 0.087542 8.20414 -1.06163 5.49387 -30 5 10 22.2749 -0.0376976 0.242825 2 1 0 0 1 1 1
1 46 4560 413 382 1 -0.0762964 1.29994 0.00159317 0.00177997 106.697 0.088246 11.5547 -3.02608 0.298573 2.19255 5 10 25.2204 0.377999 1.30633 3 1 0 0 1 1 1
1 46 4560 2886 417 1 -0.0957774 2.04651 0.00233652 0.00179556 0.0158468 0.10494 24.4 0.748038 0.748038 0.721313 5 10 26.1335 0.3995 2.02357 3 1 0 0 1 1 1
1 46 4560 259 446 0 0.0903022 1.80529 0.00244951 0.0015512 1.0719 0.0551563 10.1671 2.23913 2.23913 3.4986 5 10 21.3807 -0.015822 1.82088 2 7 0 3 1 1 4
1 46 4560 805 463 1 -0.0981076 2.145 0.002526 0.00198103 0.00445618 -0.080457 7.79566 -2.32876 -2.32743 1.30419 5 10 21.2658 0.0272854 2.06864 2 4 0 0 0 1 6
1 46 4560 288 510 0 -0.0087227 0.474339 0.000859777 0.00173884 16.7233 0.0885068 11.8202 -1.37027 6.04042 -30 5 10 25.7807 -0.0755362 0.571486 3 1 0 0 1 1 1
1 46 4560 558 513 1 0.0551177 0.145818 0.000334992 0.0013581 0.00031296 -0.0731624 4.73029 -1.79451 2.3288 1.53327 5 10 20.5452 -0.060407 0.086261 2 1 0 0 1 3 1
1 46 4560 531 546 1 -0.0942465 1.05599 0.0018761 0.00224184 0.00014586 -0.102395 1.84725 -3.5441 -0.538297 2.56199 5 10 26.1473 0.866344 1.18316 3 1 0 0 1 2 1
1 46 4560 268 580 0 0.249112 0.102452 0.000251793 0.000942549 0.000406844 0.0478166 7.25305 0.550233 6.45788 -30 5 10 21.6379 0.365368 0.0392912 2 1 0 0 1 1 1
1 46 4560 2045 589 1 -0.0982556 1.58169 0.00177306 0.0017262 150.596 0.10394 14.8478 1.38538 1.38538 4.25064 6 12 32.7198 0.024146 1.63317 4 2 0 0 0 2 2
1 46 4560 535 593 1 -0.079364 1.43634 0.00182409 0.00167691 0.000491844 0.095187 3.36688 -2.25806 -1.88707 2.27363 5 10 25.0917 0.0436455 1.55816 3 1 0 0 1 1 3
1 46 4560 2045 593 1 -0.0982556 1.58169 0.00177306 0.0017262 150.596 0.10394 14.8478 -3.35671 1.38538 4.25064 5 10 25.0917 0.0436455 1.55816 3 2 0 0 0 2 3
1 46 4560 87 597 0 0.506413 1.32996 0.00085316 0.000655119 32.9277 0.028694 9.53217 3.9152 3.9152 4.32829 5 10 25.1376 0.556432 1.3622 3 2 0 0 1 1 2
1 46 4560 1172 622 0 -0.0500074 1.81937 0.00200531 0.00171619 4.83617 -0.0861827 9.54908 3.8762 3.8762 4.2269 5 10 21.386 -0.301051 1.80479 2 2 0 0 0 1 2
1 46 4560 558 623 1 0.0551177 0.145818 0.000334992 0.0013581 0.00031296 -0.0731624 4.73029 -1.09151 2.3288 1.53327 5 10 20.402 0.0637232 0.180787 2 1 0 0 1 3 1
1 46 4560 237 628 0 1.08137 0.452631 0.000401483 0.000168024 0.00038207 0.00711505 0.210366 3.70938 3.70938 -30 5 10 25.0095 1.07133 0.420908 3 1 0 0 1 3 2
1 46 4560 238 628 0 0.953926 0.472474 0.000354967 0.000212308 0.000380167 -0.00950328 0.140138 -0.793456 3.44545 -30 5 10 25.0095 1.07133 0.420908 3 1 0 0 1 3 2
1 46 4560 7 631 0 0.585926 1.4525 0.00071013 0.000401389 64.6646 0.0189484 10.5917 3.69265 3.69265 -30 7 14 27.6214 0.523533 1.4955 3 1 0 0 1 5 3
1 46 4560 23 631 1 0.0931011 1.62197 0.00152511 0.00122515 0.923448 0.0579112 7.1979 -0.395859 -0.324356 3.66487 7 14 27.6214 0.523533 1.4955 3 2 0 0 1 6 3
1 46 4560 103 632 1 -0.0966961 0.442474 0.000866454 0.00191574 0.198868 0.103793 2.738 -1.70129 0.510496 3.39315 5 10 20.2501 0.109598 0.468086 2 2 0 0 1 1 2
1 46 4560 23 633 1 0.0931011 1.62197 0.00152511 0.00122515 0.923448 0.0579112 7.1979 -0.324356 -0.324356 3.66487 5 10 20.5946 0.0972974 1.6214 2 2 0 0 1 6 16
1 46 4560 2077 633 1 -0.077816 1.7253 0.00182019 0.00175301 184.988 -0.0803521 15.3911 -1.05705 3.56822 2.74221 5 10 20.5946 0.0972974 1.6214 2 14 0 0 0 1 16
1 46 4560 3 635 1 -0.0954273 0.276918 0.000582667 0.0018503 0.004269 0.106968 1.28228 -2.47347 0.82401 0.871163 5 10 19.2424 0.19133 0.324119 2 1 0 0 1 1 1
1 46 4560 558 643 1 0.0551177 0.145818 0.000334992 0.0013581 0.00031296 -0.0731624 4.73029 -2.80033 2.3288 1.53327 5 10 19.3075 0.263111 0.107853 2 1 0 0 1 3 1
1 46 4560 402 644 1 -0.0724738 1.56111 0.00161869 0.00170213 0.00159143 0.0761411 1.62264 1.74892 2.48351 4.60287 6 12 27.7514 -0.0832909 1.52958 3 4 0 0 1 2 4
1 46 4560 893 651 1 0.0775991 1.98068 0.00188219 0.00132746 0.00191647 0.0576645 9.44056 -1.66626 1.99452 2.94461 5 10 20.5878 0.285369 2.04489 2 3 0 0 1 4 11
1 46 4560 298 658 1 -0.0966628 1.63636 0.00204637 0.00172849 39.7212 0.0837464 10.439 0.589513 0.589513 2.13643 5 10 24.8081 0.0364192 1.69467 3 3 0 0 0 1 3
1 46 4560 114 663 1 -0.0378175 1.55233 0.00186794 0.00168953 45.4156 0.0802179 10.3496 0.446327 0.446327 0.876167 5 10 20.6946 0.357821 1.58988 2 2 0 0 0 1 2
1 46 4560 446 667 1 -0.000633322 0.655076 0.00100587 0.00162309 0.00107822 0.0867807 2.00127 -0.476724 -0.476724 4.54772 6 12 18.9091 0.170831 0.77531 2 1 0 0 1 1 1
1 46 4560 171 682 2 0.321462 0.786644 0.000703637 0.000875918 0.000545338 0.0415249 1.71416 -1.40591 0.84627 2.59907 6 12 27.4233 0.320073 0.909535 3 1 0 0 1 2 1
1 46 4560 7 683 0 0.585926 1.4525 0.00071013 0.000401389 64.6646 0.0189484 10.5917 -0.538968 3.69265 -30 7 14 27.5497 0.115841 1.52084 3 1 0 0 1 5 3
1 46 4560 23 683 1 0.0931011 1.62197 0.00152511 0.00122515 0.923448 0.0579112 7.1979 -1.76359 -0.324356 3.66487 7 14 27.5497 0.115841 1.52084 3 2 0 0 1 6 3
1 46 4560 552 694 1 -0.0936389 0.934295 0.0017212 0.00220169 6.09974e-05 0.102469 0.16009 -1.08483 -0.405342 3.62471 5 10 19.3741 -0.0529147 1.0025 2 1 0 0 1 1 1
1 46 4560 531 727 1 -0.0942465 1.05599 0.0018761 0.00224184 0.00014586 -0.102395 1.84725 -0.538297 -0.538297 2.56199 6 12 25.9069 -0.0795257 1.11088 3 1 0 0 1 2 1
1 46 4560 504 735 1 0.0766789 0.031395 0.000309677 0.00137603 0.000708641 0.0698221 3.46884 1.19477 1.19477 2.155 5 10 18.1628 0.0288831 0.0567486 2 1 0 0 1 1 1
1 46 4560 893 755 1 0.0775991 1.98068 0.00188219 0.00132746 0.00191647 0.0576645 9.44056 -1.17122 1.99452 2.94461 5 10 19.7176 0.390909 2.00908 2 3 0 0 1 4 7
1 46 4560 794 761 0 -0.0521091 1.64073 0.00169943 0.00157128 140.102 0.0888382 16.1113 -0.662192 -0.662192 3.2069 6 12 25.0205 0.0492638 1.61656 3 8 0 0 0 1 8
1 46 4560 385 767 1 0.0897028 1.69766 0.00174794 0.00122324 0.00136462 0.0564381 7.36176 0.426258 2.33642 4.59086 5 10 18.7861 -0.0705255 1.7351 2 4 0 0 0 1 4
1 46 4560 484 769 1 -0.0807832 0.0777444 0.000289309 0.00182439 0.00527239 0.102286 7.6435 -3.1488 -1.94841 0.628516 5 10 15.3369 0.490086 0.172898 2 1 0 0 1 1 1
1 46 4560 7 770 0 0.585926 1.4525 0.00071013 0.000401389 64.6646 0.0189484 10.5917 -3.3255 3.69265 -30 5 10 23.2751 0.334114 1.32081 3 1 0 0 1 5 1
1 46 4560 313 774 1 0.411084 0.421876 0.00040138 0.0006006 0.132922 -0.0333382 2.30751 -1.96315 0.915022 4.99449 5 10 19.0395 0.154391 0.401793 2 1 0 0 1 2 1
1 46 4560 529 776 1 0.682836 0.15844 0.000276942 0.000421646 0.00289401 0.0175481 1.98729 0.228208 0.228208 -30 6 12 25.2731 0.648009 0.183114 3 1 0 0 1 2 1
1 46 4560 893 785 1 0.0775991 1.98068 0.00188219 0.00132746 0.00191647 0.0576645 9.44056 -1.73604 1.99452 2.94461 5 10 19.0998 -0.0854799 1.88912 2 3 0 0 1 4 3
1 46 4560 243 788 1 -0.0799893 1.50333 0.0019066 0.00179098 26.4332 0.0947013 10.0986 -2.293 -0.851825 1.57772 5 10 20.2754 0.12138 1.37612 3 1 0 0 1 1 1
1 46 4560 23 790 1 0.0931011 1.62197 0.00152511 0.00122515 0.923448 0.0579112 7.1979 -0.844928 -0.324356 3.66487 5 10 17.9045 -0.0420206 1.62427 2 2 0 0 1 6 2
1 46 4560 656 797 0 -0.0250622 2.00853 0.00223557 0.00169977 4.30345 -0.0658492 13.2226 -2.54003 1.2704 -30 5 10 23.9402 -0.0103078 1.87615 3 3 0 2 1 1 6
1 46 4560 657 797 1 0.104927 1.89788 0.00158962 0.00121327 0.00276176 -0.0643322 5.12425 3.23167 3.23167 3.74724 5 10 23.9402 -0.0103078 1.87615 3 1 0 0 1 2 6
1 46 4560 7 802 0 0.585926 1.4525 0.00071013 0.000401389 64.6646 0.0189484 10.5917 -0.622749 3.69265 -30 5 10 22.4923 0.0293446 1.48664 3 1 0 0 1 5 1
1 46 4560 893 810 1 0.0775991 1.98068 0.00188219 0.00132746 0.00191647 0.0576645 9.44056 -3.79293 1.99452 2.94461 5 10 17.4029 -0.0280931 1.8569 2 3 0 0 1 4 3
1 46 4560 234 813 1 -0.0688173 0.295729 0.000571368 0.00174948 1.48828 -0.0996097 8.32094 0.889795 0.889795 1.65494 5 10 19.489 -0.0912648 0.324351 2 1 0 0 1 2 1
1 46 4560 318 814 0 0.0442694 0.206078 0.000371772 0.00135659 0.000511738 0.0768361 10.677 -3.76012 6.68275 -30 6 12 22.6456 0.19705 0.220059 3 1 0 0 1 1 1
1 46 4560 506 815 1 0.500732 0.382089 0.000373134 0.000559307 0.000358794 -0.0261687 4.1296 -2.14801 -0.175754 3.57871 5 10 18.0202 -0.0352534 0.253692 2 1 0 0 1 1 1
1 46 4560 2094 816 2 -0.0911081 1.73102 0.00191867 0.00178666 12.4155 0.0997643 9.74833 -1.17609 0.296912 5.679 6 12 23.8085 0.486199 1.73092 3 6 0 0 1 1 12
1 46 4560 237 835 0 1.08137 0.452631 0.000401483 0.000168024 0.00038207 0.00711505 0.210366 -1.72779 3.70938 -30 5 10 20.839 0.120174 0.548403 3 1 0 0 1 3 2
1 46 4560 238 835 0 0.953926 0.472474 0.000354967 0.000212308 0.000380167 -0.00950328 0.140138 -2.02688 3.44545 -30 5 10 20.839 0.120174 0.548403 3 1 0 0 1 3 2
1 46 4560 235 842 1 0.0228847 0.561166 0.000800347 0.001426 0.000103125 0.0806593 1.06623 3.44648 3.44648 -30 6 12 22.5051 0.111216 0.518918 3 1 0 0 1 1 1
1 46 4560 901 846 0 0.0297044 1.82759 0.00176656 0.00145975 54.9911 -0.0627806 12.6791 -2.75915 2.38409 5.06268 5 10 16.8255 0.134251 1.92304 2 24 0 0 0 2 24
1 46 4560 48 847 1 -0.0923136 1.77482 0.00192869 0.00174747 0.00583349 -0.0957032 0.0270765 -2.36918 1.90981 0.925141 5 10 19.1448 0.0800062 1.7918 3 1 0 0 1 1 6
1 46 4560 94 847 0 -0.0066726 1.77238 0.00225392 0.00161497 4.4097 0.0660732 10.5531 3.37604 3.37604 4.00884 5 10 19.1448 0.0800062 1.7918 3 4 0 0 0 1 6
1 46 4560 657 847 1 0.104927 1.89788 0.00158962 0.00121327 0.00276176 -0.0643322 5.12425 -2.52517 3.23167 3.74724 5 10 19.1448 0.0800062 1.7918 3 1 0 0 1 2 6
1 46 4560 184 854 1 0.218125 0.0314399 0.000267738 0.00101345 0.000376047 0.0519702 3.54893 1.41741 1.41741 2.25584 5 10 16.7022 0.142409 0.0411375 2 1 0 0 1 1 1
1 4 348 3804 1 2 0.0330819 1.80134 0.00155842 0.00140619 863.646 0.0622387 25.65 -1.46246 -1.46246 3.21302 7 14 42.2198 0.221875 1.83415 5 2 0 0 1 2 2
1 4 348 432 28 1 0.557025 0.127551 0.000257841 0.000525304 0.00106929 -0.0235389 1.95725 -0.61862 1.27634 3.58368 6 12 35.2627 -0.0759298 0.0887964 4 1 0 0 1 2 1
1 4 348 532 38 0 1.35616 1.0954 0.000922894 0.000123098 0.000382156 -0.00373392 3.46452 -1.67448 2.13347 -30 6 12 34.7622 1.25974 1.07957 4 1 0 0 1 4 4
1 4 348 543 38 0 1.26088 1.08191 0.000690202 0.000142088 0.0003816 -0.00446216 3.38215 3.17567 3.17567 -30 6 12 34.7622 1.25974 1.07957 4 1 0 0 1 5 4
1 4 348 575 38 0 -0.0495002 1.03503 0.00161772 0.00195 3.6936e-05 0.0929262 1.55679 -3.30968 2.66659 -30 6 12 34.7622 1.25974 1.07957 4 2 0 1 0 3 4
1 4 348 80 45 0 1.253 0.825566 0.00218217 0.000231248 0.0367506 -0.00218452 3.21345 0.252282 2.74819 -30 6 12 34.5494 1.10246 0.815476 4 1 0 0 1 8 2
1 4 348 84 45 2 1.30393 0.837718 0.0011585 0.000154287 0.0212998 -0.00475239 3.22575 -0.769523 1.77731 5.94588 6 12 34.5494 1.10246 0.815476 4 1 0 0 1 8 2
1 4 348 256 49 0 1.35372 0.866107 0.000953919 0.000131275 0.0437366 -0.0039468 2.99426 1.14574 1.14574 -30 6 12 34.2916 1.32097 0.868627 4 1 0 0 1 3 2
1 4 348 260 49 0 1.47838 0.880374 0.000849879 0.000116754 0.0451085 0.00277422 3.06838 -0.213228 2.96899 -30 6 12 34.2916 1.32097 0.868627 4 1 0 0 1 3 2
1 4 348 80 53 0 1.253 0.825566 0.00218217 0.000231248 0.0367506 -0.00218452 3.21345 -0.840042 2.74819 -30 6 12 34.0944 0.782793 0.884881 4 1 0 0 1 8 2
1 4 348 84 53 2 1.30393 0.837718 0.0011585 0.000154287 0.0212998 -0.00475239 3.22575 -1.55787 1.77731 5.94588 6 12 34.0944 0.782793 0.884881 4 1 0 0 1 8 2
1 4 348 80 57 0 1.253 0.825566 0.00218217 0.000231248 0.0367506 -0.00218452 3.21345 2.74819 2.74819 -30 6 12 33.6466 1.26238 0.829303 4 1 0 0 1 8 2
1 4 348 84 57 2 1.30393 0.837718 0.0011585 0.000154287 0.0212998 -0.00475239 3.22575 0.403371 1.77731 5.94588 6 12 33.6466 1.26238 0.829303 4 1 0 0 1 8 2
1 4 348 80 64 0 1.253 0.825566 0.00218217 0.000231248 0.0367506 -0.00218452 3.21345 0.92049 2.74819 -30 6 12 32.6171 1.2865 0.840451 4 1 0 0 1 8 2
1 4 348 84 64 2 1.30393 0.837718 0.0011585 0.000154287 0.0212998 -0.00475239 3.22575 1.77731 1.77731 5.94588 6 12 32.6171 1.2865 0.840451 4 1 0 0 1 8 2
1 4 348 0 65 0 -0.0146261 0.199567 0.000434831 0.00161606 0.449537 -0.085405 9.38284 -4.38935 6.7469 -30 6 12 32.3475 -0.0756947 0.0919189 4 1 0 0 1 1 1
1 4 348 80 67 0 1.253 0.825566 0.00218217 0.000231248 0.0367506 -0.00218452 3.21345 -0.158608 2.74819 -30 6 12 31.9382 0.812981 0.839767 4 1 0 0 1 8 2
1 4 348 84 67 2 1.30393 0.837718 0.0011585 0.000154287 0.0212998 -0.00475239 3.22575 -0.336573 1.77731 5.94588 6 12 31.9382 0.812981 0.839767 4 1 0 0 1 8 2
1 4 348 621 69 1 -0.0937493 0.394372 0.000707224 0.00174054 10.2832 -0.104628 12.7192 -1.23549 -1.23549 -0.149232 6 12 31.6645 -0.024068 0.365225 4 1 0 0 1 2 1
1 4 348 562 79 0 -0.0030858 0.810098 0.00123128 0.00170393 1.89031e-05 -0.0834651 2.1551 3.66392 3.66392 5.974 6 12 33.8196 -0.0270373 0.738602 4 1 0 0 1 1 1
1 4 348 174 114 1 -0.0524841 0.354712 0.000664358 0.00171675 0.000748981 0.0937353 0.615708 0.471545 0.707388 4.66491 6 12 30.4031 0.663021 0.324579 3 1 0 0 1 1 1
1 4 348 586 130 0 0.161325 0.651185 0.000725681 0.00107301 38.3363 -0.0592038 11.7491 -4.29028 6.64326 -30 6 12 30.0687 0.183802 0.603372 3 1 0 0 1 1 2
1 4 348 601 130 1 0.03376 0.584781 0.000897836 0.00146336 0.00010212 0.0774139 2.76804 -1.54864 0.653286 4.22385 6 12 30.0687 0.183802 0.603372 3 1 0 0 1 2 2
1 4 348 360 144 0 1.37915 1.2836 0.00619349 0.000190402 0.12227 -0.000842002 4.81333 -0.868501 3.7543 -30 6 12 29.8544 1.03701 1.22536 3 2 0 1 1 6 4
1 4 348 363 144 0 1.05796 1.22242 0.000595976 0.000154813 0.0862686 0.00788034 4.48054 3.13714 3.13714 -30 6 12 29.8544 1.03701 1.22536 3 1 0 0 1 7 4
1 4 348 374 144 1 0.695157 1.26416 0.000636078 0.000325116 0.129135 0.0167077 4.7368 -1.40007 0.638998 5.54787 6 12 29.8544 1.03701 1.22536 3 1 0 0 1 7 4
1 4 348 375 144 1 0.702982 1.29237 0.00302319 0.000366769 0.12949 0.00983878 4.85237 -0.21675 2.72542 -30 6 12 29.8544 1.03701 1.22536 3 1 0 0 1 4 4
1 4 348 29 150 0 -0.0236125 1.4257 0.0016235 0.00154802 0.000334528 0.0892309 0.697991 -0.571297 0.364137 1.63876 6 12 29.7709 0.233914 1.48853 3 1 0 0 1 2 1
1 4 348 1164 162 0 0.276848 1.77508 0.00134081 0.000890779 8.3916 -0.0425405 9.58778 0.446548 3.37879 4.72944 7 14 37.2683 -0.0423905 1.86548 4 3 0 1 0 2 3
1 4 348 119 163 1 -0.0575354 0.193811 0.000437365 0.00168259 0.000595128 -0.0980035 4.50592 -5.18009 -1.39143 5.81092 6 12 29.6191 0.715189 0.210334 3 1 0 0 1 1 1
1 4 348 621 170 1 -0.0937493 0.394372 0.000707224 0.00174054 10.2832 -0.104628 12.7192 -2.27661 -1.23549 -0.149232 6 12 29.4829 0.0264959 0.370191 3 1 0 0 1 2 1
1 4 348 455 194 1 -0.0972971 0.295065 0.000596674 0.00187669 0.000131256 0.1061 3.79922 -3.69697 -0.323424 3.85194 6 12 29.123 0.401815 0.266501 3 1 0 0 1 2 1
1 4 348 185 195 1 0.072886 0.155246 0.000339245 0.00133239 0.000317066 -0.0696039 8.80483 -2.69558 -1.04451 3.63375 6 12 29.1146 0.425792 0.0627676 3 1 0 0 1 3 1
1 4 348 354 204 1 0.820623 1.39174 0.000967228 0.000274723 0.104434 0.0109887 5.40701 -1.48065 -0.0490804 -30 6 12 33.4178 1.37378 1.28748 4 2 0 1 1 4 6
1 4 348 360 204 0 1.37915 1.2836 0.00619349 0.000190402 0.12227 -0.000842002 4.81333 3.7543 3.7543 -30 6 12 33.4178 1.37378 1.28748 4 2 0 1 1 6 6
1 4 348 363 204 0 1.05796 1.22242 0.000595976 0.000154813 0.0862686 0.00788034 4.48054 -1.49643 3.13714 -30 6 12 33.4178 1.37378 1.28748 4 1 0 0 1 7 6
1 4 348 374 204 1 0.695157 1.26416 0.000636078 0.000325116 0.129135 0.0167077 4.7368 -0.183856 0.638998 5.54787 6 12 33.4178 1.37378 1.28748 4 1 0 0 1 7 6
1 4 348 375 204 1 0.702982 1.29237 0.00302319 0.000366769 0.12949 0.00983878 4.85237 0.292235 2.72542 -30 6 12 33.4178 1.37378 1.28748 4 1 0 0 1 4 6
1 4 348 242 226 0 0.0279926 0.032695 0.00025794 0.00149734 0.000366304 0.0772045 9.24534 -4.26373 5.79286 -30 6 12 29.7318 0.0319939 0.0429183 3 1 0 0 1 1 1
1 4 348 249 243 1 -0.094228 0.339218 0.000682036 0.00188466 2.86604 -0.105797 8.92328 -3.74821 0.111888 -0.0957796 6 12 28.6194 0.376915 0.453142 3 1 0 0 1 2 1
1 4 348 2043 244 1 0.246655 1.52817 0.00097289 0.000815038 95.5031 0.0520178 12.0021 -2.85327 0.956315 3.09075 6 12 29.0274 0.00562003 1.4534 3 12 0 0 0 2 12
1 4 348 546 274 0 1.13962 1.25068 0.00113756 0.000164887 0.000376172 0.00644406 4.19907 2.0321 2.0321 -30 5 10 26.0527 1.13561 1.24891 3 1 0 0 1 4 3
1 4 348 352 292 1 0.242947 1.10814 0.000933744 0.00108138 0.14434 0.0446429 4.00186 -1.97428 0.979879 4.92359 6 12 33.5576 0.879412 1.23205 4 1 0 0 1 2 4
1 4 348 360 292 0 1.37915 1.2836 0.00619349 0.000190402 0.12227 -0.000842002 4.81333 -0.71139 3.7543 -30 6 12 33.5576 0.879412 1.23205 4 2 0 1 1 6 4
1 4 348 363 292 0 1.05796 1.22242 0.000595976 0.000154813 0.0862686 0.00788034 4.48054 1.87686 3.13714 -30 6 12 33.5576 0.879412 1.23205 4 1 0 0 1 7 4
1 4 348 374 292 1 0.695157 1.26416 0.000636078 0.000325116 0.129135 0.0167077 4.7368 -1.80596 0.638998 5.54787 6 12 33.5576 0.879412 1.23205 4 1 0 0 1 7 4
1 4 348 461 296 1 -0.0761135 1.85511 0.00218489 0.0016976 0.000101151 0.0736981 7.06552 1.14662 1.39184 3.36516 6 12 29.2348 0.255598 1.81296 3 6 0 0 1 2 10
1 4 348 471 296 1 0.218108 1.84513 0.00212129 0.00112956 8.64589e-05 0.0399907 6.39124 2.64871 2.64871 3.69076 6 12 29.2348 0.255598 1.81296 3 2 0 0 1 2 10
1 4 348 517 306 0 1.72343 1.66819 0.00623923 9.16681e-05 0.125335 -0.00131129 7.35683 0.803255 0.803255 -30 7 14 29.2124 1.57923 1.67065 3 8 0 7 1 1 9
1 4 348 545 306 1 0.0789118 1.72351 0.00139521 0.00119245 0.00235511 0.0685082 0.427603 -1.7122 1.20138 -0.130028 7 14 29.2124 1.57923 1.67065 3 1 0 0 1 1 9
1 4 348 262 313 1 0.00665105 0.371844 0.00059678 0.00144734 0.362367 -0.084124 3.38014 1.86306 1.86306 4.22709 6 12 24.8406 -0.00455371 0.445085 3 1 0 0 1 1 2
1 4 348 294 313 1 -0.0919089 0.534563 0.00104563 0.00200416 0.00113323 0.102153 1.63928 -4.48844 -0.959573 2.58617 6 12 24.8406 -0.00455371 0.445085 3 1 0 0 1 1 2
1 4 348 354 316 1 0.820623 1.39174 0.000967228 0.000274723 0.104434 0.0109887 5.40701 -1.53783 -0.0490804 -30 6 12 26.5146 0.325298 1.31216 3 2 0 1 1 4 6
1 4 348 360 316 0 1.37915 1.2836 0.00619349 0.000190402 0.12227 -0.000842002 4.81333 -0.0378653 3.7543 -30 6 12 26.5146 0.325298 1.31216 3 2 0 1 1 6 6
1 4 348 363 316 0 1.05796 1.22242 0.000595976 0.000154813 0.0862686 0.00788034 4.48054 -1.32472 3.13714 -30 6 12 26.5146 0.325298 1.31216 3 1 0 0 1 7 6
1 4 348 374 316 1 0.695157 1.26416 0.000636078 0.000325116 0.129135 0.0167077 4.7368 0.451509 0.638998 5.54787 6 12 26.5146 0.325298 1.31216 3 1 0 0 1 7 6
1 4 348 375 316 1 0.702982 1.29237 0.00302319 0.000366769 0.12949 0.00983878 4.85237 0.737562 2.72542 -30 6 12 26.5146 0.325298 1.31216 3 1 0 0 1 4 6
1 4 348 591 319 1 -0.0557495 1.43892 0.00192912 0.00163492 0.000194043 0.0853786 5.13039 2.3981 2.3981 3.46652 5 10 25.8445 0.000763637 1.34673 3 1 0 0 1 2 1
1 4 348 99 333 1 -0.0826136 0.0831774 0.0002622 0.00170741 0.000307 0.0975894 1.34655 -2.43678 0.015382 2.17977 5 10 22.7342 0.450268 0.0328334 2 1 0 0 1 1 1
1 4 348 3931 339 1 0.213401 2.23124 0.00294118 0.0010376 89.2234 0.0379157 26.2 1.22755 1.22755 -0.00121546 5 10 22.5252 0.330173 2.33162 2 6 0 0 0 1 6
1 4 348 3888 358 0 0.122988 2.22151 0.00247345 0.00108242 9.77587e-06 0.0511876 25.65 1.98059 1.98059 2.40067 5 10 21.9614 0.119269 2.22941 2 8 0 0 0 1 12
1 4 348 9078 358 1 0.138072 2.35092 0.00220733 0.0010989 8.1848 0.0657595 40.323 -2.88576 -0.502523 -0.717003 5 10 21.9614 0.119269 2.22941 2 4 0 0 0 1 12
1 4 348 461 369 1 -0.0761135 1.85511 0.00218489 0.0016976 0.000101151 0.0736981 7.06552 1.39184 1.39184 3.36516 5 10 21.8065 -0.00180182 1.91286 2 6 0 0 1 2 4
1 4 348 471 369 1 0.218108 1.84513 0.00212129 0.00112956 8.64589e-05 0.0399907 6.39124 -0.470701 2.64871 3.69076 5 10 21.8065 -0.00180182 1.91286 2 2 0 0 1 2 4
1 4 348 27 370 0 0.0925602 0.625382 0.0008013 0.00130367 0.000141728 -0.0686145 1.00304 3.96888 3.96888 5.25147 5 10 21.7966 0.0918831 0.527671 2 1 0 0 1 1 1
1 4 348 2456 384 2 0.890891 1.71949 0.0112503 0.000558534 897.266 -0.0213167 26.2 -1.98256 -1.83763 5.57734 6 12 28.6282 0.0809081 1.75148 3 1 0 0 1 1 1
1 4 348 587 391 1 -0.0690785 0.26069 0.000530707 0.00170781 0.363766 0.100332 5.55124 -3.5061 -0.733569 0.534691 5 10 21.5823 0.134176 0.326647 2 1 0 0 1 2 1
1 4 348 200 398 1 0.464433 0.239245 0.000330005 0.000537236 0.000405029 0.0293725 7.22301 -2.89613 1.69228 5.15931 5 10 21.4445 -0.0833647 0.298633 2 1 0 0 1 2 1
1 4 348 15 399 1 -0.0656255 0.401166 0.000756381 0.00180489 0.00081241 0.0955393 0.381006 -0.392537 0.0292859 4.81267 5 10 21.4408 0.0469343 0.331634 2 1 0 0 1 2 1
1 4 348 549 436 1 0.036049 0.398282 0.000655443 0.00147315 0.00739453 0.0765387 1.34147 -2.70856 2.34992 1.32762 6 12 21.0523 -0.0732983 0.315979 2 1 0 0 1 3 1
1 4 348 134 439 1 -0.0883635 0.919535 0.00158659 0.00205943 0.49747 -0.100965 3.56492 -3.34516 -0.618418 3.45973 5 10 21.0277 0.0225279 0.885425 2 1 0 0 1 2 2
1 4 348 159 439 1 0.346685 0.930131 0.000798126 0.000854741 2.31947 0.0392533 5.30434 -1.23678 -0.998203 5.8955 5 10 21.0277 0.0225279 0.885425 2 1 0 0 1 2 2
1 4 348 2148 463 1 -0.0924688 1.78931 0.00215731 0.00192687 58.6299 -0.0868758 13.6953 -2.63793 -1.26513 4.33396 5 10 20.7869 0.380565 1.78167 2 1 0 0 1 2 1
1 4 348 1671 527 0 0.0399686 1.80439 0.00130313 0.00129961 0.000407848 0.0671305 3.84148 3.72543 3.72543 -30 5 10 20.5212 0.048936 1.78619 2 1 0 0 1 1 1
1 4 348 3628 529 1 -0.0903135 1.82668 0.00208271 0.00185153 110.804 -0.106624 24.4 -2.41187 -1.48181 3.05026 5 10 25.1816 0.118375 1.94003 3 2 0 0 0 1 8
1 4 348 3693 529 1 -0.0529723 1.96811 0.00206262 0.0016505 1.08447 0.0938634 24.4 -0.29221 0.736793 0.393967 5 10 25.1816 0.118375 1.94003 3 4 0 0 0 1 8
1 4 348 25 554 1 -0.0778948 0.742714 0.0013234 0.00199234 2.03335e-06 0.102131 2.03171 1.56158 1.56158 0.424747 6 12 19.7692 -0.0775716 0.86621 2 1 0 0 1 3 1
1 4 348 591 561 1 -0.0557495 1.43892 0.00192912 0.00163492 0.000194043 0.0853786 5.13039 -0.0623955 2.3981 3.46652 5 10 20.6535 -0.079329 1.39765 2 1 0 0 1 2 1
1 4 348 5 570 1 -0.0749746 0.730489 0.00131018 0.00195142 1.17879 -0.0986723 3.58231 -3.12818 -0.303249 1.63454 6 12 29.1058 0.171659 0.70266 3 1 0 0 1 2 3
1 4 348 25 570 1 -0.0778948 0.742714 0.0013234 0.00199234 2.03335e-06 0.102131 2.03171 -1.31028 1.56158 0.424747 6 12 29.1058 0.171659 0.70266 3 1 0 0 1 3 3
1 4 348 36 570 1 -0.0182344 0.733693 0.00113689 0.00169474 1.37914e-05 0.0891037 0.640588 -0.470192 0.0579683 3.54224 6 12 29.1058 0.171659 0.70266 3 1 0 0 1 2 3
1 4 348 1649 579 1 0.143796 1.55895 0.00126212 0.00111099 172.089 0.0595059 16.0005 -2.26877 0.827216 -30 5 10 20.7796 0.238873 1.5885 2 1 0 0 1 3 1
1 4 348 549 581 1 0.036049 0.398282 0.000655443 0.00147315 0.00739453 0.0765387 1.34147 -1.19176 2.34992 1.32762 5 10 20.3995 -0.0884173 0.327485 2 1 0 0 1 3 1
1 4 348 134 584 1 -0.0883635 0.919535 0.00158659 0.00205943 0.49747 -0.100965 3.56492 -1.33558 -0.618418 3.45973 6 12 28.2847 0.0281901 1.00699 3 1 0 0 1 2 2
1 4 348 159 584 1 0.346685 0.930131 0.000798126 0.000854741 2.31947 0.0392533 5.30434 -1.38299 -0.998203 5.8955 6 12 28.2847 0.0281901 1.00699 3 1 0 0 1 2 2
1 4 348 532 588 0 1.35616 1.0954 0.000922894 0.000123098 0.000382156 -0.00373392 3.46452 2.13347 2.13347 -30 5 10 24.5678 1.32595 1.09304 3 1 0 0 1 4 2
1 4 348 543 588 0 1.26088 1.08191 0.000690202 0.000142088 0.0003816 -0.00446216 3.38215 -0.328067 3.17567 -30 5 10 24.5678 1.32595 1.09304 3 1 0 0 1 5 2
1 4 348 805 592 1 -0.0778015 2.05039 0.00272559 0.00181424 69.9634 0.0683897 15.0589 -0.103756 0.36059 -0.144641 6 12 28.708 0.106644 1.97483 3 6 0 0 0 1 6
1 4 348 400 597 1 0.663616 1.27971 0.000897027 0.000436177 0.000337104 0.018136 0.605697 -1.79375 0.88726 3.35521 5 10 25.7564 0.0464602 1.16971 3 1 0 0 1 3 1
1 4 348 532 601 0 1.35616 1.0954 0.000922894 0.000123098 0.000382156 -0.00373392 3.46452 -0.565371 2.13347 -30 5 10 24.2429 0.676154 1.09249 3 1 0 0 1 4 2
1 4 348 543 601 0 1.26088 1.08191 0.000690202 0.000142088 0.0003816 -0.00446216 3.38215 -1.28358 3.17567 -30 5 10 24.2429 0.676154 1.09249 3 1 0 0 1 5 2
1 4 348 400 602 1 0.663616 1.27971 0.000897027 0.000436177 0.000337104 0.018136 0.605697 -1.09746 0.88726 3.35521 6 12 28.5799 0.166129 1.1553 3 1 0 0 1 3 1
1 4 348 347 604 1 -0.0492119 1.76582 0.00238768 0.00168433 0.00138133 -0.0771236 7.71525 1.35562 1.35562 1.29227 5 10 25.0678 -0.0618742 1.70868 3 2 0 0 0 1 4
1 4 348 430 609 1 -0.0129545 1.67093 0.00177911 0.00164542 0.000642797 -0.0860712 1.25272 1.31103 1.31103 2.58519 5 10 24.6595 0.0781694 1.62639 3 1 0 0 1 2 1
1 4 348 256 626 0 1.35372 0.866107 0.000953919 0.000131275 0.0437366 -0.0039468 2.99426 -0.890828 1.14574 -30 6 12 24.9317 0.672032 0.899341 3 1 0 0 1 3 2
1 4 348 260 626 0 1.47838 0.880374 0.000849879 0.000116754 0.0451085 0.00277422 3.06838 -1.46467 2.96899 -30 6 12 24.9317 0.672032 0.899341 3 1 0 0 1 3 2
1 4 348 532 628 0 1.35616 1.0954 0.000922894 0.000123098 0.000382156 -0.00373392 3.46452 -2.46924 2.13347 -30 5 10 18.7254 0.883318 0.991723 2 1 0 0 1 4 1
1 4 348 1164 629 0 0.276848 1.77508 0.00134081 0.000890779 8.3916 -0.0425405 9.58778 3.37879 3.37879 4.72944 5 10 20.7282 -0.0877975 1.79084 2 3 0 1 0 2 4
1 4 348 3102 629 2 0.143263 1.77647 0.00158688 0.000916513 790.101 -0.0378305 25.65 -1.17033 -0.28595 5.54988 5 10 20.7282 -0.0877975 1.79084 2 1 0 0 1 1 4
1 4 348 363 633 0 1.05796 1.22242 0.000595976 0.000154813 0.0862686 0.00788034 4.48054 -1.48484 3.13714 -30 6 12 32.6856 0.0267712 1.14993 4 1 0 0 1 7 2
1 4 348 374 633 1 0.695157 1.26416 0.000636078 0.000325116 0.129135 0.0167077 4.7368 -1.32581 0.638998 5.54787 6 12 32.6856 0.0267712 1.14993 4 1 0 0 1 7 2
1 4 348 256 643 0 1.35372 0.866107 0.000953919 0.000131275 0.0437366 -0.0039468 2.99426 -1.08812 1.14574 -30 5 10 24.1362 1.46239 0.896308 3 1 0 0 1 3 2
1 4 348 260 643 0 1.47838 0.880374 0.000849879 0.000116754 0.0451085 0.00277422 3.06838 2.96899 2.96899 -30 5 10 24.1362 1.46239 0.896308 3 1 0 0 1 3 2
1 4 348 602 654 0 -0.0755285 0.133599 0.000378964 0.00179242 0.000271058 0.0982756 1.48671 3.41705 3.41705 -30 5 10 19.7826 -0.0894053 0.100484 2 1 0 0 1 1 1
1 4 348 444 660 1 -0.00451776 2.05628 0.00321186 0.0016311 2.82177e-05 -0.0583671 5.79733 2.49356 2.49356 3.09767 6 12 28.8812 0.144717 1.99147 3 2 0 0 0 1 2
1 4 348 80 662 0 1.253 0.825566 0.00218217 0.000231248 0.0367506 -0.00218452 3.21345 -1.1381 2.74819 -30 5 10 19.823 0.594777 0.792449 2 1 0 0 1 8 2
1 4 348 84 662 2 1.30393 0.837718 0.0011585 0.000154287 0.0212998 -0.00475239 3.22575 -1.94418 1.77731 5.94588 5 10 19.823 0.594777 0.792449 2 1 0 0 1 8 2
1 4 348 543 664 0 1.26088 1.08191 0.000690202 0.000142088 0.0003816 -0.00446216 3.38215 -2.58279 3.17567 -30 5 10 23.5066 -0.0345756 1.07677 3 1 0 0 1 5 3
1 4 348 575 664 0 -0.0495002 1.03503 0.00161772 0.00195 3.6936e-05 0.0929262 1.55679 2.66659 2.66659 -30 5 10 23.5066 -0.0345756 1.07677 3 2 0 1 0 3 3
1 4 348 563 666 1 0.199679 1.46832 0.00104673 0.000908138 0.074851 0.0558312 5.87021 -0.755973 0.307859 3.33457 6 12 27.5045 0.0207203 1.48989 3 6 0 0 0 1 6
1 4 348 4391 674 1 -0.0927276 2.17129 0.00282425 0.00188811 91.7033 -0.0793791 25.65 0.647888 0.655479 1.91922 5 10 20.0739 0.0977105 2.25499 2 4 0 0 0 1 4
1 4 348 352 677 1 0.242947 1.10814 0.000933744 0.00108138 0.14434 0.0446429 4.00186 -1.869 0.979879 4.92359 5 10 25.1642 0.0537633 1.09792 3 1 0 0 1 2 1
1 4 348 244 690 1 0.114729 1.46956 0.00133905 0.00117728 63.607 -0.0579214 10.6635 -4.28244 1.23919 4.44549 5 10 23.0952 0.0524988 1.36411 3 1 0 0 1 1 1
1 4 348 1649 692 1 0.143796 1.55895 0.00126212 0.00111099 172.089 0.0595059 16.0005 -2.05271 0.827216 -30 6 12 28.4959 0.238698 1.60961 3 1 0 0 1 3 1
1 4 348 185 699 1 0.072886 0.155246 0.000339245 0.00133239 0.000317066 -0.0696039 8.80483 -3.01262 -1.04451 3.63375 5 10 17.7115 0.23152 0.200165 2 1 0 0 1 3 1
1 4 348 546 707 0 1.13962 1.25068 0.00113756 0.000164887 0.000376172 0.00644406 4.19907 -1.72461 2.0321 -30 5 10 24.002 -0.0248767 1.36955 3 1 0 0 1 4 3
1 4 348 5 721 1 -0.0749746 0.730489 0.00131018 0.00195142 1.17879 -0.0986723 3.58231 -3.43333 -0.303249 1.63454 6 12 25.8829 0.0414549 0.713345 3 1 0 0 1 2 3
1 4 348 25 721 1 -0.0778948 0.742714 0.0013234 0.00199234 2.03335e-06 0.102131 2.03171 -1.25682 1.56158 0.424747 6 12 25.8829 0.0414549 0.713345 3 1 0 0 1 3 3
1 4 348 36 721 1 -0.0182344 0.733693 0.00113689 0.00169474 1.37914e-05 0.0891037 0.640588 0.0579683 0.0579683 3.54224 6 12 25.8829 0.0414549 0.713345 3 1 0 0 1 2 3
1 4 348 2689 722 2 1.94835 1.71194 0.0681791 0.000349391 568.423 0.00886582 25.65 -7.3613 -3.00485 -0.218986 6 12 20.6986 0.0903217 1.72468 2 1 0 0 1 1 1
1 4 348 587 724 1 -0.0690785 0.26069 0.000530707 0.00170781 0.363766 0.100332 5.55124 -0.978844 -0.733569 0.534691 5 10 19.3036 -0.0835981 0.135873 2 1 0 0 1 2 1
1 4 348 354 725 1 0.820623 1.39174 0.000967228 0.000274723 0.104434 0.0109887 5.40701 -0.084278 -0.0490804 -30 5 10 18.1552 0.660547 1.39485 2 2 0 1 1 4 2
1 4 348 931 727 1 0.0285326 2.08209 0.00208139 0.00147665 0.00244328 0.0621921 7.43094 -1.59402 -0.696074 1.18656 5 10 23.0382 0.50192 2.09913 3 7 0 0 0 1 107
1 4 348 601 728 1 0.03376 0.584781 0.000897836 0.00146336 0.00010212 0.0774139 2.76804 0.473388 0.653286 4.22385 6 12 28.0248 0.0472499 0.484321 3 1 0 0 1 2 1
1 4 348 4061 730 0 -0.0908329 1.96629 0.00209293 0.0017586 26.2885 -0.0970327 24.95 1.53293 1.53293 0.734897 6 12 27.5621 -0.0684665 1.96872 3 6 0 0 0 1 6
1 4 348 2043 731 1 0.246655 1.52817 0.00097289 0.000815038 95.5031 0.0520178 12.0021 -1.13853 0.956315 3.09075 5 10 23.5179 -0.0266132 1.59301 3 12 0 0 0 2 6
1 4 348 434 746 1 -0.0907204 1.89387 0.00225982 0.00175987 0.000748147 0.0854272 2.4436 3.48341 3.48341 5.24697 7 14 33.1869 0.12151 1.86172 4 1 0 0 1 1 4
1 4 348 1919 746 1 -0.0946913 1.92687 0.00219915 0.0016564 78.8865 0.0789973 14.3384 -2.17708 -1.02416 3.95517 7 14 33.1869 0.12151 1.86172 4 2 0 0 0 1 4
1 4 348 4300 746 2 0.682066 1.78578 0.00288198 0.000446047 866.604 0.016667 26.2 -2.13279 -0.476865 4.42411 7 14 33.1869 0.12151 1.86172 4 1 0 0 1 1 4
1 4 348 1782 748 1 -0.0903044 2.18845 0.0024697 0.00165931 0.00034387 -0.0718058 10.7693 2.91704 2.91704 4.74579 5 10 25.9711 -0.0713227 2.13558 3 9 0 0 0 1 10
1 4 348 549 749 1 0.036049 0.398282 0.000655443 0.00147315 0.00739453 0.0765387 1.34147 -0.719232 2.34992 1.32762 6 12 27.1959 -0.0409761 0.36325 3 1 0 0 1 3 1
1 4 348 249 758 1 -0.094228 0.339218 0.000682036 0.00188466 2.86604 -0.105797 8.92328 0.111888 0.111888 -0.0957796 5 10 17.0581 0.0123678 0.3776 2 1 0 0 1 2 1
1 4 348 546 759 0 1.13962 1.25068 0.00113756 0.000164887 0.000376172 0.00644406 4.19907 -0.928474 2.0321 -30 6 12 27.096 0.863299 1.28058 3 1 0 0 1 4 3
1 4 348 1649 765 1 0.143796 1.55895 0.00126212 0.00111099 172.089 0.0595059 16.0005 0.827216 0.827216 -30 5 10 19.0453 0.114242 1.61941 2 1 0 0 1 3 1
1 4 348 185 769 1 0.072886 0.155246 0.000339245 0.00133239 0.000317066 -0.0696039 8.80483 -3.0937 -1.04451 3.63375 6 12 16.3104 -0.0978452 0.185991 2 1 0 0 1 3 1
1 4 348 430 770 1 -0.0129545 1.67093 0.00177911 0.00164542 0.000642797 -0.0860712 1.25272 -1.0911 1.31103 2.58519 6 12 25.1602 0.280127 1.57325 3 1 0 0 1 2 1
1 4 348 3804 771 2 0.0330819 1.80134 0.00155842 0.00140619 863.646 0.0622387 25.65 -3.27627 -1.46246 3.21302 5 10 24.1826 -0.0562945 1.77666 3 2 0 0 1 2 2
1 4 348 80 773 0 1.253 0.825566 0.00218217 0.000231248 0.0367506 -0.00218452 3.21345 -0.206467 2.74819 -30 6 12 25.909 0.805061 0.85652 4 1 0 0 1 8 2
1 4 348 84 773 2 1.30393 0.837718 0.0011585 0.000154287 0.0212998 -0.00475239 3.22575 -0.29668 1.77731 5.94588 6 12 25.909 0.805061 0.85652 4 1 0 0 1 8 2
1 4 348 2148 779 1 -0.0924688 1.78931 0.00215731 0.00192687 58.6299 -0.0868758 13.6953 -1.71422 -1.26513 4.33396 7 14 25.9951 0.00218352 1.73353 3 1 0 0 1 2 1
1 4 348 354 782 1 0.820623 1.39174 0.000967228 0.000274723 0.104434 0.0109887 5.40701 -0.665966 -0.0490804 -30 5 10 23.066 0.402268 1.33672 3 2 0 1 1 4 5
1 4 348 360 782 0 1.37915 1.2836 0.00619349 0.000190402 0.12227 -0.000842002 4.81333 -0.945196 3.7543 -30 5 10 23.066 0.402268 1.33672 3 2 0 1 1 6 5
1 4 348 363 782 0 1.05796 1.22242 0.000595976 0.000154813 0.0862686 0.00788034 4.48054 -1.74878 3.13714 -30 5 10 23.066 0.402268 1.33672 3 1 0 0 1 7 5
1 4 348 374 782 1 0.695157 1.26416 0.000636078 0.000325116 0.129135 0.0167077 4.7368 -1.57802 0.638998 5.54787 5 10 23.066 0.402268 1.33672 3 1 0 0 1 7 5
1 4 348 595 789 0 0.163698 0.191136 0.000366764 0.00111792 0.033793 -0.056603 2.91821 -3.52689 1.41525 -30 6 12 26.9651 0.0129734 0.266345 3 1 0 0 1 2 1
1 4 348 432 795 1 0.557025 0.127551 0.000257841 0.000525304 0.00106929 -0.0235389 1.95725 -1.7217 1.27634 3.58368 5 10 15.4366 0.224361 0.25398 2 1 0 0 1 2 2
1 4 348 455 795 1 -0.0972971 0.295065 0.000596674 0.00187669 0.000131256 0.1061 3.79922 -0.516032 -0.323424 3.85194 5 10 15.4366 0.224361 0.25398 2 1 0 0 1 2 2
1 4 348 569 798 0 0.0133362 0.285283 0.000493105 0.00148756 0.000597594 -0.0826527 1.63854 3.45349 3.45349 -30 5 10 22.2038 0.0216639 0.24171 3 1 0 0 1 1 1
1 4 348 29 802 0 -0.0236125 1.4257 0.0016235 0.00154802 0.000334528 0.0892309 0.697991 0.364137 0.364137 1.63876 5 10 19.3181 0.00663484 1.3133 2 1 0 0 1 2 1
1 4 348 15 810 1 -0.0656255 0.401166 0.000756381 0.00180489 0.00081241 0.0955393 0.381006 -1.85494 0.0292859 4.81267 5 10 17.9128 -0.00956614 0.509831 2 1 0 0 1 2 1
1 4 348 595 815 0 0.163698 0.191136 0.000366764 0.00111792 0.033793 -0.056603 2.91821 1.41525 1.41525 -30 5 10 21.5167 0.153827 0.233931 3 1 0 0 1 2 1
1 4 348 200 818 1 0.464433 0.239245 0.000330005 0.000537236 0.000405029 0.0293725 7.22301 1.69228 1.69228 5.15931 5 10 16.5905 -0.0886081 0.179694 2 1 0 0 1 2 1
1 4 348 400 820 1 0.663616 1.27971 0.000897027 0.000436177 0.000337104 0.018136 0.605697 0.88726 0.88726 3.35521 5 10 17.9626 -0.0360609 1.22732 2 1 0 0 1 3 1
1 4 348 543 821 0 1.26088 1.08191 0.000690202 0.000142088 0.0003816 -0.00446216 3.38215 -2.97803 3.17567 -30 6 12 22.8057 -0.0131292 1.02103 3 1 0 0 1 5 3
1 4 348 575 821 0 -0.0495002 1.03503 0.00161772 0.00195 3.6936e-05 0.0929262 1.55679 2.45074 2.66659 -30 6 12 22.8057 -0.0131292 1.02103 3 2 0 1 0 3 3
1 4 348 476 835 1 0.21764 0.615276 0.000631316 0.00100669 0.000220707 -0.0530745 1.65045 -3.05994 0.582395 1.41479 5 10 21.5455 0.251275 0.685242 3 2 0 0 0 1 2
1 4 348 546 838 0 1.13962 1.25068 0.00113756 0.000164887 0.000376172 0.00644406 4.19907 -1.39936 2.0321 -30 6 12 20.4599 0.0717555 1.27149 3 1 0 0 1 4 3
1 4 348 80 840 0 1.253 0.825566 0.00218217 0.000231248 0.0367506 -0.00218452 3.21345 -1.67746 2.74819 -30 5 10 17.4172 -0.0643888 0.827867 3 1 0 0 1 8 2
1 4 348 84 840 2 1.30393 0.837718 0.0011585 0.000154287 0.0212998 -0.00475239 3.22575 0.0506642 1.77731 5.94588 5 10 17.4172 -0.0643888 0.827867 3 1 0 0 1 8 2
1 4 348 360 848 0 1.37915 1.2836 0.00619349 0.000190402 0.12227 -0.000842002 4.81333 -3.38689 3.7543 -30 5 10 16.0495 -0.01408 1.31283 2 2 0 1 1 6 4
1 4 348 363 848 0 1.05796 1.22242 0.000595976 0.000154813 0.0862686 0.00788034 4.48054 -3.3045 3.13714 -30 5 10 16.0495 -0.01408 1.31283 2 1 0 0 1 7 4
1 4 348 374 848 1 0.695157 1.26416 0.000636078 0.000325116 0.129135 0.0167077 4.7368 -2.08744 0.638998 5.54787 5 10 16.0495 -0.01408 1.31283 2 1 0 0 1 7 4
1 4 348 375 848 1 0.702982 1.29237 0.00302319 0.000366769 0.12949 0.00983878 4.85237 -1.3899 2.72542 -30 5 10 16.0495 -0.01408 1.31283 2 1 0 0 1 4 4
1 88 8792 657 19 1 -0.0801213 0.0859691 0.000293379 0.00177025 0.021085 0.102662 8.64465 -4.54555 -0.968169 1.43519 6 12 35.3583 -0.068609 0.151621 4 1 0 0 1 1 1
1 88 8792 361 59 1 -0.065858 0.60501 0.00105641 0.00184154 24.4474 -0.0992341 10.5541 -5.52463 -0.297647 2.38918 6 12 31.3686 0.088252 0.606974 3 1 0 0 1 1 1
1 88 8792 636 73 1 -0.094005 2.13722 0.00356422 0.00179679 0.002574 -0.0688016 3.80757 -5.02836 -0.341699 2.60462 6 12 30.8695 0.243269 2.18078 3 1 0 0 1 1 1
1 88 8792 483 89 1 0.0700874 0.808619 0.00105592 0.0014377 3.92576 0.0699082 4.68659 -0.967211 -0.381139 3.5585 6 12 30.4706 0.41302 0.893731 3 1 0 0 1 2 1
1 88 8792 316 191 1 0.227134 0.203443 0.000319828 0.000926277 0.000342432 -0.0483263 3.76919 -4.94891 -0.35963 2.07741 6 12 29.1535 -0.04415 0.228298 3 1 0 0 1 3 1
1 88 8792 714 196 0 0.16699 1.10753 0.00121936 0.00129945 6.42959e-05 0.0582474 0.625037 -2.90797 3.29799 5.10684 6 12 29.0666 0.0275693 1.1872 3 1 0 0 1 5 1
1 88 8792 650 230 1 -0.095833 0.490719 0.00090703 0.00184922 0.00118003 -0.106636 1.34249 -2.58679 -0.976013 2.89368 6 12 27.878 -0.0430122 0.562952 3 1 0 0 1 1 2
1 88 8792 698 230 2 0.0857145 0.605232 0.00101444 0.00133513 0.000890417 0.0719745 3.15848 0.643268 0.643268 3.63475 6 12 27.878 -0.0430122 0.562952 3 1 0 0 1 1 2
1 88 8792 554 276 1 -0.0440549 0.638939 0.000995076 0.00163651 14.4117 -0.0910038 8.31145 -4.60359 -1.53917 1.99027 6 12 28.3116 0.0558938 0.609167 3 1 0 0 1 1 1
1 88 8792 73 299 1 -0.0853988 0.570489 0.00104594 0.00189746 4.55866 0.0999218 5.97738 -3.38739 3.57115 3.29678 6 12 26.3401 0.591646 0.436367 3 2 0 0 1 2 2
1 88 8792 1228 317 1 0.210023 2.06858 0.00198789 0.00109477 0.000945654 0.0395074 10.5828 -1.07558 2.61349 3.62306 5 10 26.0358 0.0153632 2.13528 3 24 0 0 0 1 24
1 88 8792 226 322 1 0.0263833 1.08669 0.00131046 0.00149407 26.1636 0.082987 8.53452 2.0274 2.0274 3.12764 5 10 25.971 0.0332936 1.12398 3 2 0 0 0 2 2
1 88 8792 10181 332 2 0.147286 2.37399 0.00309045 0.00119084 1028.27 -0.0550316 42.123 -1.5874 -0.268616 -2.34774 5 10 26.4574 -0.0330899 2.3958 3 1 0 0 1 2 1
1 88 8792 69 345 1 0.038165 1.82283 0.00222593 0.00144286 0.00183578 0.0618847 7.07634 0.139437 4.3419 2.129 6 12 29.2432 -0.00504794 1.76552 3 2 0 0 0 1 2
1 88 8792 213 366 0 0.120265 0.00298861 0.000278515 0.00128801 0.000385653 0.0656253 7.83372 -0.0387112 6.83127 -30 6 12 26.1978 0.136785 0.0976163 3 1 0 0 1 2 1
1 88 8792 4810 371 1 0.327938 2.42623 0.00446779 0.000964589 1.64005 -0.0241004 25.65 0.299309 0.299309 -2.09284 5 10 27.1721 -0.074113 2.34659 3 36 0 0 0 1 36
1 88 8792 10057 371 1 0.0179244 2.44619 0.00243552 0.00135495 23.4934 0.0758725 40.323 -1.86379 -1.86379 -2.34399 5 10 27.1721 -0.074113 2.34659 3 18 0 0 0 1 36
1 88 8792 316 375 1 0.227134 0.203443 0.000319828 0.000926277 0.000342432 -0.0483263 3.76919 -1.22711 -0.35963 2.07741 6 12 23.0471 0.0931611 0.104562 3 1 0 0 1 3 1
1 88 8792 440 378 1 -0.0311125 1.27629 0.00152038 0.0015557 0.00313318 0.0933206 5.17581 0.759341 0.759341 4.06194 5 10 25.7539 0.163403 1.25745 3 1 0 0 1 2 1
1 88 8792 1970 399 1 0.26418 2.19049 0.00194727 0.000765778 3.4607e-05 -0.0277626 12.1457 1.50533 1.74284 1.42279 5 10 22.1938 0.130343 2.15472 2 6 0 0 0 2 9
1 88 8792 1981 399 1 -0.096867 2.24936 0.00334461 0.00195629 6.39527e-05 -0.0626438 12.951 -0.69996 1.9698 5.43325 5 10 22.1938 0.130343 2.15472 2 3 0 0 0 1 9
1 88 8792 1774 403 1 -0.0888324 1.87633 0.0020023 0.00176045 0.00514352 0.104044 4.98726 0.227339 0.862654 2.30081 5 10 26.181 0.0790936 1.89903 3 1 0 0 1 1 7
1 88 8792 1684 404 1 -0.0948656 1.71678 0.00190504 0.00182736 6.16045 -0.102862 8.8572 0.232085 0.232085 2.42784 5 10 22.1258 0.0472789 1.82672 2 3 0 0 1 1 3
1 88 8792 1672 424 1 -0.0424697 2.44531 0.00459436 0.0018409 1.57036e-05 -0.0517494 10.5869 -2.88345 -0.918865 0.202937 5 10 21.8792 0.0526774 2.35096 2 7 0 0 0 2 14
1 88 8792 1675 424 1 -0.0435799 2.26799 0.00181497 0.00150284 7.49254e-07 0.0533517 9.12942 -0.38954 0.865617 0.790165 5 10 21.8792 0.0526774 2.35096 2 5 0 0 0 2 14
1 88 8792 3797 424 1 -0.0758969 2.45577 0.00460867 0.00187692 53.7685 -0.0612031 25.65 -4.35785 -3.00126 -2.69661 5 10 21.8792 0.0526774 2.35096 2 6 0 0 1 2 14
1 88 8792 406 456 1 0.0602927 1.61498 0.00147339 0.0013177 0.000247972 0.0752547 2.60039 -1.2251 2.29874 -30 6 12 29.0952 0.0723864 1.61662 3 4 0 3 0 3 4
1 88 8792 6439 461 1 -0.0983941 2.16727 0.00243206 0.00191119 12.4209 0.107243 31.945 0.233189 0.233189 -0.94896 6 12 33.5037 0.0789327 2.1071 4 4 0 0 0 1 4
1 88 8792 200 462 1 -0.0838912 0.975807 0.00169804 0.00213777 0.00252404 -0.10465 3.43297 -0.259859 -0.259859 5.58243 5 10 21.4219 0.0387395 0.888408 2 2 0 0 0 1 2
1 88 8792 213 496 0 0.120265 0.00298861 0.000278515 0.00128801 0.000385653 0.0656253 7.83372 -1.84644 6.83127 -30 5 10 21.1605 0.584789 0.107835 2 1 0 0 1 2 1
1 88 8792 592 511 1 -0.0833191 1.66031 0.00222357 0.00179097 0.00352652 -0.0873796 0.685789 -0.165833 2.7215 3.87637 5 10 25.6918 -0.0269828 1.6579 3 1 0 0 1 2 1
1 88 8792 406 518 1 0.0602927 1.61498 0.00147339 0.0013177 0.000247972 0.0752547 2.60039 2.29874 2.29874 -30 5 10 25.6868 0.0656859 1.5953 3 4 0 3 0 3 4
1 88 8792 2308 521 1 -0.0203434 2.4691 0.00517301 0.00167635 4.33102e-07 0.0471294 15.7719 -1.1309 -1.1309 -1.118 5 10 20.9282 0.0599222 2.38333 2 15 0 0 1 1 19
1 88 8792 2318 521 1 -0.0825266 2.3711 0.00356135 0.00188719 3.81212e-06 0.0557966 12.4955 -1.48214 0.379461 0.192397 5 10 20.9282 0.0599222 2.38333 2 15 0 0 0 1 19
1 88 8792 10181 521 2 0.147286 2.37399 0.00309045 0.00119084 1028.27 -0.0550316 42.123 -0.268616 -0.268616 -2.34774 5 10 20.9282 0.0599222 2.38333 2 1 0 0 1 2 19
1 88 8792 2196 530 1 -0.0181057 2.13371 0.00244949 0.00143937 0.000115088 -0.0623823 12.3761 2.04857 2.04857 0.714065 5 10 20.8185 -0.0238069 2.06483 2 5 0 0 1 1 7
1 88 8792 2205 530 1 0.225351 2.05774 0.00282376 0.00101643 50.903 -0.0337173 14.7515 0.75447 0.75447 2.63848 5 10 20.8185 -0.0238069 2.06483 2 2 0 0 1 1 7
1 88 8792 592 532 1 -0.0833191 1.66031 0.00222357 0.00179097 0.00352652 -0.0873796 0.685789 0.513577 2.7215 3.87637 5 10 20.7853 -0.109786 1.70506 2 1 0 0 1 2 1
1 88 8792 1672 534 1 -0.0424697 2.44531 0.00459436 0.0018409 1.57036e-05 -0.0517494 10.5869 -0.918865 -0.918865 0.202937 5 10 20.7328 0.304001 2.35224 2 7 0 0 0 2 13
1 88 8792 1675 534 1 -0.0435799 2.26799 0.00181497 0.00150284 7.49254e-07 0.0533517 9.12942 -2.07612 0.865617 0.790165 5 10 20.7328 0.304001 2.35224 2 5 0 0 0 2 13
1 88 8792 3797 534 1 -0.0758969 2.45577 0.00460867 0.00187692 53.7685 -0.0612031 25.65 -3.27783 -3.00126 -2.69661 5 10 20.7328 0.304001 2.35224 2 6 0 0 1 2 13
1 88 8792 2363 557 1 0.266701 1.73681 0.00120543 0.000881452 15.8272 -0.0435965 9.85596 -2.05195 4.03974 5.33535 6 12 34.0735 0.279361 1.76485 4 18 0 0 0 4 18
1 88 8792 406 563 1 0.0602927 1.61498 0.00147339 0.0013177 0.000247972 0.0752547 2.60039 -1.55108 2.29874 -30 5 10 20.9676 0.0953774 1.657 2 4 0 3 0 3 4
1 88 8792 2289 583 2 0.341016 1.95354 0.00219304 0.000811826 23.0202 0.028724 12.3596 -3.17288 2.85078 3.75242 5 10 24.7774 -0.0755042 1.87832 3 4 0 0 1 1 4
1 88 8792 706 584 1 0.594528 1.40583 0.00105205 0.000440431 0.000305341 -0.0210884 3.61119 -3.63079 -0.21723 4.83639 7 14 28.1239 0.0343911 1.52658 3 2 0 0 0 3 2
1 88 8792 46 592 0 0.0867499 0.641956 0.000788497 0.0012669 0.000134514 0.0693757 0.350403 -2.94256 1.83821 -30 6 12 26.1458 0.751793 0.772488 3 1 0 0 1 4 1
1 88 8792 964 623 1 0.0557268 1.89796 0.00169576 0.00133026 11.5811 -0.0615509 12.822 -3.88607 0.67014 4.23815 5 10 25.9017 0.0438058 1.79956 3 15 0 0 0 2 19
1 88 8792 219 630 1 -0.0532605 1.92192 0.00238617 0.00153802 0.00215752 -0.0689629 7.79579 1.37169 1.37169 3.42407 5 10 25.3164 -0.0580355 1.98098 3 8 0 0 0 1 8
1 88 8792 714 632 0 0.16699 1.10753 0.00121936 0.00129945 6.42959e-05 0.0582474 0.625037 1.6147 3.29799 5.10684 6 12 29.0529 0.0163401 1.03672 3 1 0 0 1 5 1
1 88 8792 216 641 1 0.00124514 2.00162 0.00274112 0.0015711 0.00193046 0.060821 6.62915 -1.07498 1.70753 4.29714 6 12 28.8332 0.454377 2.05604 3 3 0 0 1 1 5
1 88 8792 483 649 1 0.0700874 0.808619 0.00105592 0.0014377 3.92576 0.0699082 4.68659 -2.16425 -0.381139 3.5585 5 10 25.0373 0.179283 0.941338 3 1 0 0 1 2 1
1 88 8792 499 672 0 0.308145 1.07085 0.000918365 0.000887577 0.000644587 0.0421415 4.29073 -2.97652 3.28368 -30 6 12 32.5544 0.50931 1.07138 4 1 0 0 1 3 1
1 88 8792 79 673 1 -0.00341715 0.135188 0.00033092 0.00154187 0.000304639 0.0825285 5.96171 -3.30318 -1.07876 3.85467 5 10 19.7712 0.4247 0.0328407 2 1 0 0 1 1 1
1 88 8792 281 696 1 -0.0720072 0.403913 0.000766755 0.00182385 0.115276 -0.100953 2.31131 2.05731 2.05731 1.98082 5 10 21.4075 -0.0154856 0.441346 2 1 0 0 1 1 1
1 88 8792 18 704 1 -0.0704743 1.71054 0.00206684 0.00151455 11.1239 -0.0763255 9.26305 2.18507 2.71807 4.1876 6 12 27.6061 0.0229943 1.7508 3 4 0 0 0 2 4
1 88 8792 1689 706 1 0.032828 2.1284 0.00288449 0.00156505 160.204 0.0435276 18.4228 0.963692 0.963692 2.55394 5 10 19.9883 -0.140085 2.13833 2 14 0 0 0 1 34
1 88 8792 1695 706 1 -0.0932151 2.23219 0.00282506 0.00188918 0.000659826 0.0741223 6.80753 1.83619 1.83619 4.99012 5 10 19.9883 -0.140085 2.13833 2 20 0 0 0 1 34
1 88 8792 2363 712 1 0.266701 1.73681 0.00120543 0.000881452 15.8272 -0.0435965 9.85596 -2.593 4.03974 5.33535 5 10 20.6746 0.234827 1.72353 2 18 0 0 0 4 18
1 88 8792 714 732 0 0.16699 1.10753 0.00121936 0.00129945 6.42959e-05 0.0582474 0.625037 -1.36002 3.29799 5.10684 6 12 32.9902 0.0964086 1.07848 4 1 0 0 1 5 1
1 88 8792 196 756 1 -0.0189537 1.66466 0.00178411 0.00152702 0.00315368 0.0799467 7.49011 3.60377 3.60377 3.26814 6 12 31.7486 -0.0565226 1.69997 4 2 0 0 0 1 2
1 88 8792 2363 763 1 0.266701 1.73681 0.00120543 0.000881452 15.8272 -0.0435965 9.85596 1.32599 4.03974 5.33535 5 10 20.8688 0.109321 1.76738 2 18 0 0 0 4 18
1 88 8792 641 764 0 0.0249572 1.14341 0.00164705 0.00184966 0.00181506 -0.0808161 0.602093 -0.438209 2.94 4.02408 6 12 29.3731 -0.0379825 1.20322 4 1 0 0 1 3 1
1 88 8792 259 766 1 0.290314 0.0935907 0.000287421 0.000835143 2.71886e-05 -0.0437729 1.63688 2.3564 2.3564 2.72042 5 10 19.218 0.168402 0.150222 2 1 0 0 1 1 1
1 88 8792 395 792 0 0.266395 1.11143 0.00101709 0.00102436 0.000150042 -0.0464246 2.16293 3.3596 3.3596 4.19244 5 10 17.3119 0.26349 1.01804 2 1 0 0 1 1 1
1 88 8792 46 793 0 0.0867499 0.641956 0.000788497 0.0012669 0.000134514 0.0693757 0.350403 -3.31802 1.83821 -30 6 12 25.5879 0.358382 0.772572 3 1 0 0 1 4 1
1 88 8792 523 803 0 0.070954 1.00457 0.0013347 0.00157291 3.06137e-05 0.0700833 1.67806 1.16111 1.16111 2.35918 5 10 18.2386 0.042196 1.04589 2 1 0 0 1 2 1
1 88 8792 1970 805 1 0.26418 2.19049 0.00194727 0.000765778 3.4607e-05 -0.0277626 12.1457 0.634588 1.74284 1.42279 6 12 32.7013 -0.0363499 2.12059 4 6 0 0 0 2 6
1 88 8792 118 806 1 0.0032702 1.25252 0.00137354 0.00142937 0.448439 -0.0857906 5.76808 -2.03333 -0.47865 5.32259 5 10 19.1232 0.229674 1.28912 2 1 0 0 1 2 1
1 88 8792 291 808 1 0.250161 1.82625 0.00184299 0.000884953 0.000765461 -0.0371166 6.812 -1.4086 1.38278 3.73242 6 12 25.9823 -0.0109949 1.8193 3 4 0 0 0 1 4
1 88 8792 313 809 1 -0.0601186 1.76152 0.00220779 0.00171685 0.00310924 -0.0785548 7.24143 -3.27296 0.658228 3.84402 6 12 19.251 0.0805153 1.63732 2 10 0 0 1 1 10
1 88 8792 523 821 0 0.070954 1.00457 0.0013347 0.00157291 3.06137e-05 0.0700833 1.67806 -2.26982 1.16111 2.35918 5 10 19.6228 -0.094832 1.0674 2 1 0 0 1 2 1
1 88 8792 440 822 1 -0.0311125 1.27629 0.00152038 0.0015557 0.00313318 0.0933206 5.17581 -1.30136 0.759341 4.06194 5 10 23.7512 0.266338 1.3078 3 1 0 0 1 2 1
1 88 8792 964 832 1 0.0557268 1.89796 0.00169576 0.00133026 11.5811 -0.0615509 12.822 -0.385082 0.67014 4.23815 5 10 20.267 0.187763 1.88634 2 15 0 0 0 2 16
1 88 8792 2798 832 2 -0.0366205 1.83807 0.00231783 0.00142443 536.037 -0.0879456 25.65 -2.10903 1.53266 5.46342 5 10 20.267 0.187763 1.88634 2 1 0 0 1 1 16
1 88 8792 46 841 0 0.0867499 0.641956 0.000788497 0.0012669 0.000134514 0.0693757 0.350403 1.83821 1.83821 -30 5 10 18.0478 0.0144246 0.622757 2 1 0 0 1 4 2
1 88 8792 47 841 1 -0.0747458 0.557071 0.00093904 0.00180512 0.425408 0.0901477 2.88209 -0.799578 0.401698 5.38573 5 10 18.0478 0.0144246 0.622757 2 1 0 0 1 1 2
1 88 8792 2363 843 1 0.266701 1.73681 0.00120543 0.000881452 15.8272 -0.0435965 9.85596 0.786029 4.03974 5.33535 5 10 24.7644 -0.0388349 1.79968 3 18 0 0 0 4 18
1 88 8792 46 857 0 0.0867499 0.641956 0.000788497 0.0012669 0.000134514 0.0693757 0.350403 1.24053 1.83821 -30 5 10 20.0641 -0.0349061 0.682643 2 1 0 0 1 4 3
1 88 8792 73 857 1 -0.0853988 0.570489 0.00104594 0.00189746 4.55866 0.0999218 5.97738 3.57115 3.57115 3.29678 5 10 20.0641 -0.0349061 0.682643 2 2 0 0 1 2 3
1 88 8792 226 866 1 0.0263833 1.08669 0.00131046 0.00149407 26.1636 0.082987 8.53452 -3.9653 2.0274 3.12764 5 10 18.7322 0.462452 1.01162 2 2 0 0 0 2 3
1 88 8792 229 866 1 -0.0781616 0.996678 0.00169649 0.00209533 0.245547 0.103143 4.43355 -3.25813 -0.429835 2.72839 5 10 18.7322 0.462452 1.01162 2 1 0 0 1 1 3
1 88 8792 3250 868 1 -0.0398425 1.96074 0.00207335 0.00160102 0.0132585 0.0993843 24.95 3.72431 3.72431 4.84893 5 10 19.5791 -0.118519 1.94468 2 2 0 0 0 1 6
1 88 8792 581 870 1 0.107136 1.44529 0.0015583 0.00131319 0.00137945 -0.0616554 2.43278 -1.39989 0.179067 0.935607 6 12 28.7618 -0.0975853 1.46156 4 1 0 0 1 1 2
1 88 8792 598 870 1 0.127299 1.48847 0.00129512 0.00107818 47.2857 -0.0556201 10.1045 -4.23112 2.22396 -30 6 12 28.7618 -0.0975853 1.46156 4 1 0 0 1 1 2
1 88 8792 641 877 0 0.0249572 1.14341 0.00164705 0.00184966 0.00181506 -0.0808161 0.602093 -3.15781 2.94 4.02408 5 10 23.3111 0.129355 1.01838 3 1 0 0 1 3 1
1 88 8792 322 883 1 -0.0680639 1.47326 0.00174003 0.00172394 17.2687 0.094935 9.25266 -2.0446 0.0114777 2.60252 5 10 20.246 -0.0561412 1.57578 2 1 0 0 1 1 1
1 88 8792 706 888 1 0.594528 1.40583 0.00105205 0.000440431 0.000305341 -0.0210884 3.61119 -2.27439 -0.21723 4.83639 5 10 18.6667 -0.0652136 1.28499 2 2 0 0 0 3 2
1 88 8792 316 903 1 0.227134 0.203443 0.000319828 0.000926277 0.000342432 -0.0483263 3.76919 -0.35963 -0.35963 2.07741 5 10 21.5523 -0.0142989 0.249366 3 1 0 0 1 3 1
1 88 8792 706 907 1 0.594528 1.40583 0.00105205 0.000440431 0.000305341 -0.0210884 3.61119 -2.13565 -0.21723 4.83639 5 10 18.0185 -0.0504828 1.38655 2 2 0 0 0 3 2
1 88 8792 499 908 0 0.308145 1.07085 0.000918365 0.000887577 0.000644587 0.0421415 4.29073 3.28368 3.28368 -30 5 10 20.8812 0.321971 0.978635 3 1 0 0 1 3 1
1 88 8792 548 910 1 -0.0317159 0.519916 0.000824855 0.00158915 3.77839 0.0921382 6.08592 -2.90872 1.61388 3.66773 5 10 18.1211 0.0717689 0.467231 2 1 0 0 1 1 1
1 88 8792 18 912 1 -0.0704743 1.71054 0.00206684 0.00151455 11.1239 -0.0763255 9.26305 2.71807 2.71807 4.1876 5 10 17.9753 -0.0642857 1.74829 2 4 0 0 0 2 4
1 88 8792 714 913 0 0.16699 1.10753 0.00121936 0.00129945 6.42959e-05 0.0582474 0.625037 -0.0137078 3.29799 5.10684 6 12 23.0865 0.124521 1.16573 3 1 0 0 1 5 1
1 88 8792 391 917 1 0.383552 1.68311 0.00116504 0.000694706 0.000764267 0.0351346 0.669082 0.610399 0.610399 2.97527 5 10 17.7299 0.265275 1.7356 2 3 0 0 1 1 3
1 88 8792 641 919 0 0.0249572 1.14341 0.00164705 0.00184966 0.00181506 -0.0808161 0.602093 2.94 2.94 4.02408 5 10 17.6448 -0.0302994 1.16422 2 1 0 0 1 3 1
1 88 8792 118 926 1 0.0032702 1.25252 0.00137354 0.00142937 0.448439 -0.0857906 5.76808 -1.61637 -0.47865 5.32259 5 10 17.6178 -0.0532508 1.3568 2 1 0 0 1 2 1
1 88 8792 611 929 1 0.062428 0.230335 0.000437315 0.00139849 0.000277641 -0.0717804 2.02437 -1.86169 -0.237123 4.1572 5 10 18.1919 0.150573 0.177678 2 1 0 0 1 1 1
1 88 8792 714 933 0 0.16699 1.10753 0.00121936 0.00129945 6.42959e-05 0.0582474 0.625037 3.29799 3.29799 5.10684 5 10 18.8808 0.163444 1.09084 3 1 0 0 1 5 1
1 88 8792 12 936 1 -0.0901031 0.234657 0.000530177 0.00189095 0.000651845 -0.101735 3.19853 -2.07018 -0.228631 -0.154682 6 12 20.7856 0.035362 0.120908 3 1 0 0 1 1 2
1 88 8792 63 936 1 -0.0233797 0.0566417 0.000297634 0.00162041 0.00184571 0.0873413 3.6891 -1.3662 0.557647 5.65021 6 12 20.7856 0.035362 0.120908 3 1 0 0 1 1 2
1 88 8792 544 947 1 -0.0627438 0.292857 0.000576105 0.00175447 1.12005 0.0998548 7.62347 -0.744388 -0.543773 -30 5 10 17.737 0.0160464 0.404768 3 1 0 0 1 1 1
1 88 8792 499 950 0 0.308145 1.07085 0.000918365 0.000887577 0.000644587 0.0421415 4.29073 -0.931704 3.28368 -30 5 10 19.4401 -0.0133316 0.972467 3 1 0 0 1 3 1
1 75 7464 226 5 1 -0.0742232 0.531254 0.000973414 0.0018239 0.965264 0.0986996 3.87 -0.386722 1.261 4.68763 6 12 36.3313 -0.061435 0.425661 4 1 0 0 1 1 1
1 75 7464 741 6 1 0.338199 0.73307 0.000646743 0.000779397 23.7505 0.0395222 8.8783 -1.46615 3.59161 -30 6 12 36.2957 0.109193 0.762962 4 1 0 0 1 3 1
1 75 7464 387 13 1 0.190619 0.248062 0.000376938 0.00100048 0.0952797 -0.0528305 3.1685 -3.65988 1.83684 5.39618 6 12 36.0022 -0.0258503 0.284583 4 1 0 0 1 3 1
1 75 7464 1065 30 1 0.491351 2.19596 0.00220306 0.000548315 2.14173 0.0160467 13.3533 -0.901991 -0.901991 -1.62794 6 12 35.1367 -0.0272196 2.24841 4 5 0 0 1 1 5
1 75 7464 1903 47 1 -0.0913614 1.82557 0.00175124 0.00160508 94.7789 -0.0831439 13.7688 -0.665618 2.02903 5.09224 7 14 34.2704 0.0691279 1.8143 3 4 0 0 0 1 4
1 75 7464 4286 58 1 -0.0802655 2.2657 0.00320175 0.00189624 0.00327989 -0.0840297 25.65 -1.47307 0.148327 1.87913 6 12 34.9711 0.527452 2.17406 4 6 0 0 0 2 13
1 75 7464 7187 58 2 0.0947576 2.18272 0.00198328 0.00105471 822.027 0.0540143 33.195 -2.46979 0.946588 3.13836 6 12 34.9711 0.527452 2.17406 4 1 0 0 1 1 13
1 75 7464 606 62 1 -0.0804009 1.41172 0.00175066 0.00181372 47.5335 -0.0955938 11.0424 -3.00946 2.37954 4.4734 6 12 34.3524 -0.0866029 1.47161 4 2 0 0 0 1 12
1 75 7464 622 62 1 0.0683194 1.55356 0.00159237 0.00139265 51.8666 -0.0600521 11.9783 -4.03548 1.86782 2.95216 6 12 34.3524 -0.0866029 1.47161 4 10 0 0 0 3 12
1 75 7464 278 70 1 0.147362 1.60077 0.00125876 0.00106208 7.12698e-06 -0.0560998 5.57705 -3.00383 3.93808 3.69905 6 12 34.5355 -0.0175788 1.6394 4 1 0 0 1 4 3
1 75 7464 348 70 1 -0.0847471 1.67366 0.00199983 0.00191739 0.00246275 0.103049 2.3876 -0.503908 2.06893 4.6895 6 12 34.5355 -0.0175788 1.6394 4 2 0 0 1 2 3
1 75 7464 577 104 1 -0.0962702 0.456409 0.00087654 0.00189546 5.56289e-05 -0.103282 2.0984 -2.92992 0.667257 2.5677 6 12 30.4896 0.0295048 0.521701 3 1 0 0 1 1 1
1 75 7464 596 136 1 0.359406 0.118238 0.00028093 0.000771432 0.000368095 0.0376527 6.38219 -1.86751 0.599668 2.69595 6 12 30.0309 0.135889 0.0655126 3 1 0 0 1 1 1
1 75 7464 1817 142 1 0.474225 1.81351 0.00104461 0.000512104 125.694 -0.0220732 17.4223 -1.88739 1.07554 2.79736 6 12 29.9205 0.105573 1.70816 3 6 0 0 0 1 6
1 75 7464 40 145 1 0.859069 1.16696 0.000798751 0.000255238 23.8338 0.0118275 7.65619 -2.0217 -1.58229 4.32094 6 12 29.8965 1.00446 1.08755 3 1 0 0 1 3 3
1 75 7464 653 153 1 0.115976 0.738854 0.00089238 0.00126902 0.000798041 -0.0654968 2.42435 3.13522 3.13522 4.37833 6 12 29.8305 0.407681 0.705553 3 1 0 0 1 2 1
1 75 7464 2298 158 1 0.0151455 1.84054 0.00174565 0.00123849 125.654 -0.0666912 14.8134 -1.69381 3.19442 4.0583 7 14 38.7749 0.160216 1.88791 4 11 0 0 1 3 11
1 75 7464 2036 165 0 0.219297 2.13293 0.00221399 0.000987022 8.72046e-05 0.03645 10.1063 1.09164 1.09164 4.11077 6 12 29.7478 0.210804 2.18016 3 9 0 0 0 1 16
1 75 7464 4548 165 2 0.424917 2.22208 0.0025392 0.000901791 48.8643 -0.0244718 25.65 -2.82512 0.225012 0.690805 6 12 29.7478 0.210804 2.18016 3 1 0 0 1 2 16
1 75 7464 7420 165 1 0.32429 2.17311 0.00169724 0.000722746 1.01897e-07 0.0413959 31.945 2.83582 2.83582 3.25671 6 12 29.7478 0.210804 2.18016 3 5 0 0 0 1 16
1 75 7464 58 190 1 0.165758 0.875922 0.000967909 0.00120497 1.23937 -0.0562355 3.93168 -5.13294 3.92998 3.02006 6 12 29.35 0.0123033 0.808431 3 1 0 0 1 4 1
1 75 7464 1335 205 2 0.0883751 2.33927 0.00595882 0.00196307 88.9189 0.0355966 19.6257 -1.46881 -0.0752401 -0.402694 6 12 29.1235 -0.108887 2.28033 3 57 0 0 1 1 57
1 75 7464 8995 205 1 -0.0447597 2.3417 0.00240169 0.00165047 84.4645 0.0967212 40.873 -1.93529 -1.09522 1.03744 6 12 29.1235 -0.108887 2.28033 3 57 0 0 0 1 57
1 75 7464 2306 225 1 -0.0508991 2.06122 0.00239759 0.00182195 0.000866559 -0.0782617 4.3661 -0.260239 0.808317 3.14963 6 12 29.1683 0.273737 1.98776 3 6 0 0 0 1 12
1 75 7464 2331 225 0 0.258979 2.04858 0.00172113 0.000889641 6.35221e-05 -0.0386535 5.55218 3.45443 3.45443 2.48247 6 12 29.1683 0.273737 1.98776 3 4 0 0 0 1 12
1 75 7464 2462 226 1 0.389108 1.94034 0.0013978 0.000697331 3.97683 0.0280196 12.1675 -0.172948 -0.172948 2.93406 6 12 29.094 -0.0251584 1.9879 3 4 0 0 0 1 6
1 75 7464 1889 260 0 -0.0159521 2.18439 0.00207429 0.00149209 5.36228e-05 -0.0551211 11.4186 3.69303 3.69303 5.21091 6 12 30.3607 0.154702 2.18112 3 30 0 23 0 1 8
1 75 7464 387 270 1 0.190619 0.248062 0.000376938 0.00100048 0.0952797 -0.0528305 3.1685 -2.95873 1.83684 5.39618 5 10 26.9104 0.0700134 0.298677 3 1 0 0 1 3 3
1 75 7464 415 270 1 -0.0400189 0.423272 0.000742874 0.00164363 0.000811674 0.0910837 3.17851 0.185261 2.31577 5.80981 5 10 26.9104 0.0700134 0.298677 3 2 0 0 0 1 3
1 75 7464 73 284 2 -0.0865281 2.14671 0.0060983 0.00279998 9.73891e-05 0.0654751 6.57148 0.108327 1.87639 1.55458 5 10 26.6351 0.0146226 2.17405 3 9 0 0 0 2 9
1 75 7464 653 291 1 0.115976 0.738854 0.00089238 0.00126902 0.000798041 -0.0654968 2.42435 0.37797 3.13522 4.37833 6 12 26.5346 -0.0883367 0.686847 3 1 0 0 1 2 1
1 75 7464 430 307 0 -0.0110146 0.154864 0.000351717 0.00158279 0.000277843 0.0873544 4.64019 -1.98771 2.43041 2.54262 5 10 26.2701 -0.0717296 0.224745 3 1 0 0 1 2 1
1 75 7464 485 320 1 -0.0914236 1.78107 0.00241149 0.00177408 3.16625 -0.0772951 10.4179 -4.86735 -1.2094 3.94293 6 12 28.7914 0.486289 1.88653 3 5 0 0 0 1 5
1 75 7464 1891 324 2 -0.0783517 1.56272 0.00179919 0.00162582 138.557 -0.105881 13.4 -1.52855 -1.06303 4.26534 5 10 25.9211 0.063936 1.51314 3 2 0 0 1 1 2
1 75 7464 3271 329 1 0.229166 1.85404 0.0015897 0.000794254 356.76 0.0460905 26.2 -2.78469 1.42916 1.83737 6 12 29.8842 -0.0396661 1.83718 3 4 0 0 1 3 2
1 75 7464 272 330 1 0.31614 1.34789 0.000879116 0.000734226 54.8376 -0.0406658 9.81804 -2.05016 0.048569 1.32996 6 12 29.3622 0.0525583 1.2974 3 1 0 0 1 1 2
1 75 7464 295 330 1 0.486422 1.23895 0.000841063 0.000543473 7.61286 -0.02711 6.46017 0.400858 0.400858 3.0593 6 12 29.3622 0.0525583 1.2974 3 1 0 0 1 1 2
1 75 7464 2298 337 1 0.0151455 1.84054 0.00174565 0.00123849 125.654 -0.0666912 14.8134 -0.150284 3.19442 4.0583 6 12 29.2437 0.166094 1.8792 3 11 0 0 1 3 34
1 75 7464 5150 337 0 0.201051 1.81741 0.00139231 0.000896623 68.2794 -0.0576511 25.65 2.89751 2.89751 3.19417 6 12 29.2437 0.166094 1.8792 3 16 0 0 1 2 34
1 75 7464 592 343 1 0.189874 1.7461 0.00150017 0.00104842 1.69124e-05 -0.050089 4.06453 -1.54491 2.61098 4.46955 5 10 25.4097 0.011641 1.65887 3 1 0 0 1 1 1
1 75 7464 141 360 0 1.84707 0.591774 0.0032746 0.000157466 0.000384077 -0.00104824 0.640293 0.113095 0.113095 -30 6 12 25.7236 1.83977 0.574135 3 1 0 0 1 1 1
1 75 7464 4548 372 2 0.424917 2.22208 0.0025392 0.000901791 48.8643 -0.0244718 25.65 -1.70455 0.225012 0.690805 6 12 28.8139 0.155526 2.28427 3 1 0 0 1 2 1
1 75 7464 4449 373 1 0.538186 2.11192 0.00300234 0.000671331 1.42259e-07 -0.0253889 24.95 -4.3666 0.571224 2.79415 5 10 25.7237 -0.00192237 1.99264 3 8 0 0 1 2 8
1 75 7464 724 375 0 0.0670444 1.42964 0.00144397 0.00136711 36.3364 0.0714292 10.1559 -0.419401 3.65466 3.16363 5 10 26.0055 0.172787 1.53391 3 2 0 0 0 5 2
1 75 7464 288 377 1 0.182446 0.622768 0.000679799 0.00103791 0.000207669 0.056054 8.59012 -2.94363 1.41756 4.98771 5 10 23.5355 -0.0886175 0.720521 3 1 0 0 1 1 1
1 75 7464 58 381 1 0.165758 0.875922 0.000967909 0.00120497 1.23937 -0.0562355 3.93168 3.92998 3.92998 3.02006 6 12 23.2807 0.157474 0.845009 3 1 0 0 1 4 1
1 75 7464 1242 386 1 0.0308476 1.47759 0.00136386 0.00135084 146.604 -0.0837391 13.1992 -3.96997 -0.983173 1.42752 5 10 25.789 0.0755485 1.46422 3 1 0 0 1 2 1
1 75 7464 193 389 1 -0.0936373 0.245732 0.000598222 0.00189695 0.000832746 -0.111199 1.40662 -5.23884 -0.920711 3.11308 6 12 28.0713 0.385231 0.34703 3 1 0 0 1 1 1
1 75 7464 1766 413 1 -0.0918332 2.39681 0.0046146 0.00210651 0.000217834 -0.06069 11.4077 -3.01294 4.68284 2.43195 5 10 21.9449 0.0451292 2.30503 2 1 0 0 1 1 15
1 75 7464 1772 413 1 -0.0723172 2.38437 0.00363135 0.00191849 6.95824e-07 -0.0540092 12.2832 -2.84658 5.15942 3.54534 5 10 21.9449 0.0451292 2.30503 2 10 0 3 0 1 15
1 75 7464 38 429 1 -0.0931644 0.626708 0.00115157 0.00194455 10.9513 -0.106456 7.18136 1.111 1.111 1.28021 5 10 21.8233 -0.0254819 0.709858 2 1 0 0 1 2 1
1 75 7464 623 431 1 0.073142 1.54253 0.00156837 0.00143091 0.00267237 -0.0719552 6.46849 1.66791 1.66791 4.0772 6 12 28.9422 0.546283 1.51197 3 1 0 0 1 3 1
1 75 7464 38 432 1 -0.0931644 0.626708 0.00115157 0.00194455 10.9513 -0.106456 7.18136 -3.57206 1.111 1.28021 5 10 21.8087 0.194699 0.721484 2 1 0 0 1 2 1
1 75 7464 58 441 1 0.165758 0.875922 0.000967909 0.00120497 1.23937 -0.0562355 3.93168 -4.71309 3.92998 3.02006 6 12 27.8427 -0.0411138 0.802454 3 1 0 0 1 4 1
1 75 7464 4286 459 1 -0.0802655 2.2657 0.00320175 0.00189624 0.00327989 -0.0840297 25.65 -2.42402 0.148327 1.87913 5 10 21.5402 0.369812 2.26769 2 6 0 0 0 2 12
1 75 7464 17 485 0 0.245143 1.47587 0.00128932 0.000845615 6.75877e-05 -0.0472623 0.66084 1.14774 1.14774 3.02005 5 10 21.3108 0.172693 1.55168 2 1 0 0 1 2 1
1 75 7464 256 491 1 -0.060914 0.467799 0.000834504 0.00176259 0.000894024 -0.0945572 0.88602 -2.77055 -0.502948 2.01588 5 10 21.2433 0.357655 0.511974 2 1 0 0 1 1 1
1 75 7464 719 495 0 -0.075578 0.997111 0.00173114 0.00213436 10.8466 0.0982313 6.61506 -0.877031 1.59407 5.97158 5 10 21.2182 -0.0307846 0.959886 2 1 0 0 1 1 1
1 75 7464 223 496 1 -0.0116574 0.787728 0.00124842 0.00174357 0.00126094 -0.0855939 0.740301 -2.80486 0.996838 -30 5 10 21.2163 0.402217 0.849133 2 1 0 0 1 2 1
1 75 7464 3271 524 1 0.229166 1.85404 0.0015897 0.000794254 356.76 0.0460905 26.2 -2.54418 1.42916 1.83737 5 10 25.4865 -0.0856448 1.79973 3 4 0 0 1 3 4
1 75 7464 586 525 1 0.232295 0.464 0.000520099 0.000897545 0.000499769 0.0485596 0.430592 -0.824354 -0.673795 3.16853 5 10 20.7186 -0.0877845 0.479997 2 1 0 0 1 1 1
1 75 7464 58 527 1 0.165758 0.875922 0.000967909 0.00120497 1.23937 -0.0562355 3.93168 -2.39262 3.92998 3.02006 5 10 20.6881 0.381305 0.995457 2 1 0 0 1 4 1
1 75 7464 318 544 1 0.298 0.12895 0.000304836 0.000877386 0.000405534 0.0414986 0.0250288 -2.58787 0.971676 1.89046 5 10 20.4259 0.39178 0.217318 2 1 0 0 1 2 2
1 75 7464 329 544 1 -0.0969481 0.165986 0.000435645 0.00195363 0.000569721 0.103078 6.64249 -4.93151 -1.9337 1.14412 5 10 20.4259 0.39178 0.217318 2 1 0 0 1 2 2
1 75 7464 561 547 1 -0.0349549 1.2074 0.00143365 0.00154961 208.767 0.0878867 14.4793 -3.23164 -2.88848 3.03782 6 12 27.1303 0.768791 1.10042 3 1 0 0 1 1 1
1 75 7464 4449 556 1 0.538186 2.11192 0.00300234 0.000671331 1.42259e-07 -0.0253889 24.95 0.571224 0.571224 2.79415 6 12 31.9745 -0.052009 2.15897 4 8 0 0 1 2 8
1 75 7464 2298 562 1 0.0151455 1.84054 0.00174565 0.00123849 125.654 -0.0666912 14.8134 -2.38627 3.19442 4.0583 5 10 25.1871 0.0047018 1.79718 3 11 0 0 1 3 11
1 75 7464 724 572 0 0.0670444 1.42964 0.00144397 0.00136711 36.3364 0.0714292 10.1559 3.65466 3.65466 3.16363 5 10 24.5616 0.0514654 1.50387 3 2 0 0 0 5 2
1 75 7464 69 575 0 1.07538 0.514771 0.000532782 0.000225928 0.00038171 -0.00692452 0.679509 0.713673 2.69108 -30 6 12 26.5273 1.11987 0.480178 3 1 0 0 1 4 1
1 75 7464 68 602 1 -0.0541087 1.71651 0.00186021 0.00160992 0.000809116 -0.0886529 3.29548 -3.66836 3.84945 4.24462 5 10 25.0043 0.243197 1.76267 3 1 0 0 1 3 1
1 75 7464 623 637 1 0.073142 1.54253 0.00156837 0.00143091 0.00267237 -0.0719552 6.46849 -1.67365 1.66791 4.0772 6 12 27.5252 0.634583 1.61796 3 1 0 0 1 3 1
1 75 7464 2335 646 1 0.00697193 1.72955 0.00163235 0.00139314 90.0248 -0.0732528 12.881 -0.024437 1.37259 4.86552 5 10 25.2308 -0.0422339 1.70879 3 1 0 0 1 3 1
1 75 7464 532 674 1 -0.0953407 0.306524 0.000630319 0.00183826 2.30434 0.103387 9.28539 -3.69525 -2.58833 1.99243 5 10 20.3459 0.459379 0.197407 2 1 0 0 1 1 1
1 75 7464 278 695 1 0.147362 1.60077 0.00125876 0.00106208 7.12698e-06 -0.0560998 5.57705 -1.61157 3.93808 3.69905 5 10 24.8155 0.169876 1.66158 3 1 0 0 1 4 3
1 75 7464 348 695 1 -0.0847471 1.67366 0.00199983 0.00191739 0.00246275 0.103049 2.3876 2.06893 2.06893 4.6895 5 10 24.8155 0.169876 1.66158 3 2 0 0 1 2 3
1 75 7464 1019 698 1 0.145587 1.76801 0.00162037 0.00119414 162.737 -0.0493547 17.5673 1.84627 1.84627 1.77003 6 12 27.6517 -0.0869081 1.86563 3 6 0 0 0 1 6
1 75 7464 4198 708 2 0.30312 2.25207 0.00549219 0.00119747 355.797 -0.0318931 26.2 0.562426 0.821755 -0.0606762 6 12 34.2339 -0.0777797 2.24251 4 1 0 0 1 1 1
1 75 7464 2205 710 1 0.276197 2.131 0.00255951 0.000886123 49.7939 -0.0261684 19.1346 -3.52687 -1.63272 1.14648 5 10 20.5881 -0.0123158 2.08671 2 36 0 0 0 1 36
1 75 7464 741 721 1 0.338199 0.73307 0.000646743 0.000779397 23.7505 0.0395222 8.8783 -1.53324 3.59161 -30 6 12 28.83 0.0450159 0.754326 3 1 0 0 1 3 1
1 75 7464 345 727 0 -0.0778454 0.742853 0.00127457 0.00191149 9.59698e-07 -0.101728 0.469621 0.249801 3.95726 1.73153 6 12 28.044 -0.0781907 0.614642 3 1 0 0 1 2 1
1 75 7464 622 739 1 0.0683194 1.55356 0.00159237 0.00139265 51.8666 -0.0600521 11.9783 -2.24085 1.86782 2.95216 5 10 26.1548 0.146356 1.58434 3 10 0 0 0 3 10
1 75 7464 6181 764 1 -0.0972571 2.14108 0.00252458 0.0019502 16.3475 -0.111057 33.195 3.31471 3.31471 4.72735 5 10 19.9806 -0.0327281 2.13705 2 2 0 0 1 1 2
1 75 7464 622 772 1 0.0683194 1.55356 0.00159237 0.00139265 51.8666 -0.0600521 11.9783 -2.8369 1.86782 2.95216 5 10 25.2129 0.683911 1.61399 3 10 0 0 0 3 4
1 75 7464 278 777 1 0.147362 1.60077 0.00125876 0.00106208 7.12698e-06 -0.0560998 5.57705 3.93808 3.93808 3.69905 5 10 25.815 0.34028 1.54897 3 1 0 0 1 4 1
1 75 7464 73 791 2 -0.0865281 2.14671 0.0060983 0.00279998 9.73891e-05 0.0654751 6.57148 -1.52946 1.87639 1.55458 6 12 34.0254 -0.125001 2.21031 4 9 0 0 0 2 25
1 75 7464 3950 791 1 -0.0226949 2.24043 0.00315127 0.00159276 401.648 -0.0562329 26.2 -3.16993 -3.03787 0.433173 6 12 34.0254 -0.125001 2.21031 4 20 0 0 0 1 25
1 75 7464 9507 791 1 -0.00988643 2.24177 0.00216852 0.00149824 396.225 -0.0931203 40.873 -3.31141 -3.19273 0.132681 6 12 34.0254 -0.125001 2.21031 4 20 0 0 0 1 25
1 75 7464 1614 796 1 -0.0964022 2.18842 0.00272011 0.00194864 0.000810432 0.0772623 6.63368 -0.32904 0.182868 4.34249 5 10 26.1585 0.364469 2.16022 3 12 0 0 0 1 26
1 75 7464 259 800 0 -0.0788496 1.27321 0.00203125 0.00225334 51.3624 0.11091 9.38818 -0.931252 2.24715 4.81673 5 10 19.2388 0.291063 1.31258 2 3 0 0 0 3 3
1 75 7464 278 801 1 0.147362 1.60077 0.00125876 0.00106208 7.12698e-06 -0.0560998 5.57705 0.410511 3.93808 3.69905 6 12 27.2492 0.238399 1.67108 3 1 0 0 1 4 1
1 75 7464 659 813 1 -0.0931456 2.13428 0.002994 0.0019352 0.000405982 0.073979 1.07292 0.890619 1.59166 3.28671 5 10 25.5725 0.0642294 2.08982 3 2 0 0 0 1 2
1 75 7464 2335 816 1 0.00697193 1.72955 0.00163235 0.00139314 90.0248 -0.0732528 12.881 -1.50048 1.37259 4.86552 6 12 28.3382 0.234225 1.68299 3 1 0 0 1 3 1
1 75 7464 724 823 0 0.0670444 1.42964 0.00144397 0.00136711 36.3364 0.0714292 10.1559 0.597477 3.65466 3.16363 6 12 28.176 0.058193 1.51025 3 2 0 0 0 5 2
1 75 7464 32 830 1 0.209001 1.62186 0.00165007 0.00101635 0.000104323 -0.0436029 0.950156 -1.15024 2.03315 -30 5 10 24.9446 0.0670629 1.53829 3 1 0 0 1 4 1
1 75 7464 40 832 1 0.859069 1.16696 0.000798751 0.000255238 23.8338 0.0118275 7.65619 -2.27728 -1.58229 4.32094 5 10 24.3479 -0.0350491 1.13863 3 1 0 0 1 3 3
1 75 7464 724 836 0 0.0670444 1.42964 0.00144397 0.00136711 36.3364 0.0714292 10.1559 -0.717179 3.65466 3.16363 5 10 24.2662 -0.0294422 1.35407 3 2 0 0 0 5 2
1 75 7464 724 837 0 0.0670444 1.42964 0.00144397 0.00136711 36.3364 0.0714292 10.1559 -0.402175 3.65466 3.16363 5 10 22.2875 0.0321434 1.37874 3 2 0 0 0 5 2
1 75 7464 623 844 1 0.073142 1.54253 0.00156837 0.00143091 0.00267237 -0.0719552 6.46849 -4.16564 1.66791 4.0772 5 10 19.4568 -0.126972 1.63982 2 1 0 0 1 3 1
1 75 7464 68 849 1 -0.0541087 1.71651 0.00186021 0.00160992 0.000809116 -0.0886529 3.29548 3.84945 3.84945 4.24462 6 12 26.8681 -0.0156482 1.65612 3 1 0 0 1 3 1
1 75 7464 17 850 0 0.245143 1.47587 0.00128932 0.000845615 6.75877e-05 -0.0472623 0.66084 -3.06209 1.14774 3.02005 6 12 31.4912 0.188109 1.58101 4 1 0 0 1 2 2
1 75 7464 32 850 1 0.209001 1.62186 0.00165007 0.00101635 0.000104323 -0.0436029 0.950156 -2.4448 2.03315 -30 6 12 31.4912 0.188109 1.58101 4 1 0 0 1 4 2
1 75 7464 5150 853 0 0.201051 1.81741 0.00139231 0.000896623 68.2794 -0.0576511 25.65 -0.068274 2.89751 3.19417 6 12 27.4303 -0.0682096 1.93056 3 16 0 0 1 2 23
1 75 7464 18 879 1 0.424306 1.57589 0.00134244 0.000582222 73.5862 0.0252335 11.4812 -0.975297 -0.975297 0.955329 5 10 19.9587 0.0681091 1.64184 2 2 0 0 0 1 2
1 75 7464 69 883 0 1.07538 0.514771 0.000532782 0.000225928 0.00038171 -0.00692452 0.679509 2.69108 2.69108 -30 6 12 24.1022 1.09074 0.496409 3 1 0 0 1 4 1
1 75 7464 674 888 1 0.619767 1.24472 0.000743851 0.000397996 2.43619 0.0200152 5.52389 0.709134 1.26655 4.66454 5 10 23.2432 -0.0927179 1.29931 3 1 0 0 1 2 1
1 75 7464 1249 897 1 0.00494966 2.04988 0.00244183 0.00141188 232.786 0.049757 18.693 -1.9911 -0.957659 0.568141 6 12 25.3349 0.290573 1.94932 3 12 0 0 0 1 16
1 75 7464 3271 897 1 0.229166 1.85404 0.0015897 0.000794254 356.76 0.0460905 26.2 1.42916 1.42916 1.83737 6 12 25.3349 0.290573 1.94932 3 4 0 0 1 3 16
1 75 7464 1 900 1 -0.0791822 0.145732 0.000383233 0.00189015 0.000525697 -0.0983117 4.95055 -4.22694 1.97835 2.0819 6 12 25.3163 0.265943 0.109634 3 1 0 0 1 1 2
1 75 7464 25 900 0 0.267066 0.0891796 0.000297292 0.000884486 0.00139341 0.0444348 1.3492 3.06729 3.06729 -30 6 12 25.3163 0.265943 0.109634 3 1 0 0 1 1 2
1 75 7464 69 903 0 1.07538 0.514771 0.000532782 0.000225928 0.00038171 -0.00692452 0.679509 -1.16079 2.69108 -30 6 12 27.8573 0.0131882 0.475366 3 1 0 0 1 4 1
1 75 7464 671 905 1 0.133363 0.313405 0.000451134 0.00114092 0.908587 -0.0607085 5.95943 1.41233 1.41233 -30 6 12 32.5767 0.113448 0.405105 4 1 0 0 1 1 1
1 75 7464 387 912 1 0.190619 0.248062 0.000376938 0.00100048 0.0952797 -0.0528305 3.1685 1.83684 1.83684 5.39618 5 10 17.1743 0.0438668 0.179893 2 1 0 0 1 3 1
1 75 7464 56 915 1 0.705803 0.0631449 0.000271459 0.000432533 0.000382759 -0.016144 0.916054 3.05332 3.05332 4.601 6 12 20.7971 0.694749 0.0291285 3 1 0 0 1 1 1
1 75 7464 363 916 1 0.489235 1.43443 0.00118315 0.000630838 0.000297319 0.0237932 5.41876 -2.55363 -0.139488 2.50629 5 10 20.6402 0.0970545 1.5518 2 1 0 0 1 1 1
1 75 7464 40 917 1 0.859069 1.16696 0.000798751 0.000255238 23.8338 0.0118275 7.65619 -1.64337 -1.58229 4.32094 5 10 22.8184 -0.0201415 1.15821 3 1 0 0 1 3 3
1 75 7464 430 918 0 -0.0110146 0.154864 0.000351717 0.00158279 0.000277843 0.0873544 4.64019 2.43041 2.43041 2.54262 5 10 17.9816 -0.033413 0.173112 2 1 0 0 1 2 1
1 75 7464 674 922 1 0.619767 1.24472 0.000743851 0.000397996 2.43619 0.0200152 5.52389 1.26655 1.26655 4.66454 5 10 18.6938 0.189894 1.23741 2 1 0 0 1 2 1
1 75 7464 69 923 0 1.07538 0.514771 0.000532782 0.000225928 0.00038171 -0.00692452 0.679509 -1.78877 2.69108 -30 6 12 25.0002 0.499648 0.468181 3 1 0 0 1 4 1
1 75 7464 677 929 1 -0.013904 1.7021 0.00172392 0.0014105 0.00407172 -0.082637 2.11366 -1.02613 5.10424 5.29528 5 10 22.5757 0.516678 1.71935 3 1 0 0 1 1 1
1 75 7464 268 935 1 -0.0783952 1.97879 0.00272394 0.00176542 0.000183967 -0.0731283 4.21628 1.01429 1.01429 4.36719 6 12 32.3816 0.639349 1.9065 4 9 0 0 0 1 9
1 75 7464 3039 940 1 0.0162124 1.99739 0.00228972 0.00148835 19.702 -0.0797802 24.95 -1.70638 1.19797 3.26179 5 10 23.4424 -0.0872449 1.94848 3 10 0 0 1 1 10
1 75 7464 1242 946 1 0.0308476 1.47759 0.00136386 0.00135084 146.604 -0.0837391 13.1992 -4.25995 -0.983173 1.42752 5 10 18.549 0.179173 1.39416 2 1 0 0 1 2 1
1 75 7464 345 953 0 -0.0778454 0.742853 0.00127457 0.00191149 9.59698e-07 -0.101728 0.469621 3.95726 3.95726 1.73153 5 10 18.2906 -0.0973486 0.727503 2 1 0 0 1 2 1
1 75 7464 32 958 1 0.209001 1.62186 0.00165007 0.00101635 0.000104323 -0.0436029 0.950156 2.03315 2.03315 -30 6 12 24.6586 0.043136 1.58528 3 1 0 0 1 4 1
1 75 7464 531 961 1 0.424324 0.541323 0.000441014 0.000598585 5.14641 0.0310443 6.25555 3.97049 3.97049 -30 6 12 21.8663 0.15556 0.616749 3 1 0 0 1 1 1
1 75 7464 68 967 1 -0.0541087 1.71651 0.00186021 0.00160992 0.000809116 -0.0886529 3.29548 1.09346 3.84945 4.24462 5 10 18.9394 0.0638112 1.69255 2 1 0 0 1 3 1
1 75 7464 318 976 1 0.298 0.12895 0.000304836 0.000877386 0.000405534 0.0414986 0.0250288 -0.329889 0.971676 1.89046 5 10 21.377 0.163422 0.0421138 3 1 0 0 1 2 4
1 75 7464 329 976 1 -0.0969481 0.165986 0.000435645 0.00195363 0.000569721 0.103078 6.64249 -2.01246 -1.9337 1.14412 5 10 21.377 0.163422 0.0421138 3 1 0 0 1 2 4
1 75 7464 93 982 1 0.146465 0.462626 0.000547019 0.00103507 5.18856 0.0604912 7.62347 -0.27964 -0.27964 0.281242 5 10 20.5796 0.0577431 0.433239 3 1 0 0 1 1 1
1 75 7464 259 984 0 -0.0788496 1.27321 0.00203125 0.00225334 51.3624 0.11091 9.38818 -2.84579 2.24715 4.81673 5 10 18.1171 -0.137672 1.26771 2 3 0 0 0 3 3
1 75 7464 206 985 1 -0.0354275 0.427586 0.000757852 0.00168306 0.0244651 -0.0895884 2.03432 -0.54948 -0.54948 3.20594 5 10 15.963 0.0739138 0.547697 2 1 0 0 1 1 1
1 75 7464 538 986 1 0.299066 1.59942 0.00109675 0.000801692 4.55292e-05 0.045645 0.467226 -1.12001 -0.435955 2.9404 5 10 16.8556 -0.086329 1.55259 2 1 0 0 1 1 9
1 75 7464 2174 986 1 0.0799796 1.67133 0.00130916 0.0011513 4.83615 0.07441 8.32708 -2.97876 0.640034 4.30125 5 10 16.8556 -0.086329 1.55259 2 8 0 0 0 1 9
1 75 7464 259 992 0 -0.0788496 1.27321 0.00203125 0.00225334 51.3624 0.11091 9.38818 2.24715 2.24715 4.81673 5 10 16.9496 -0.0904309 1.33481 2 3 0 0 0 3 3
1 75 7464 2335 998 1 0.00697193 1.72955 0.00163235 0.00139314 90.0248 -0.0732528 12.881 -1.01186 1.37259 4.86552 5 10 18.6929 -0.246183 1.67543 2 1 0 0 1 3 1
1 75 7464 131 1000 1 0.073008 0.182767 0.000367825 0.00135007 0.000304407 -0.0698505 1.45668 3.9989 3.9989 -30 6 12 23.0404 -0.0690531 0.147212 3 1 0 0 1 1 3
1 75 7464 151 1000 1 0.169208 0.226012 0.000352082 0.00106819 0.000314696 0.0575797 3.66907 -1.04454 0.661116 3.6973 6 12 23.0404 -0.0690531 0.147212 3 2 0 0 0 1 3
1 75 7464 223 1012 1 -0.0116574 0.787728 0.00124842 0.00174357 0.00126094 -0.0855939 0.740301 -2.54234 0.996838 -30 5 10 15.7263 -0.0409795 0.733902 2 1 0 0 1 2 1
1 75 7464 32 1013 1 0.209001 1.62186 0.00165007 0.00101635 0.000104323 -0.0436029 0.950156 -0.0987202 2.03315 -30 5 10 17.2102 -0.100837 1.70266 2 1 0 0 1 4 1
1 75 7464 741 1015 1 0.338199 0.73307 0.000646743 0.000779397 23.7505 0.0395222 8.8783 3.59161 3.59161 -30 5 10 16.0312 -0.0870523 0.820238 2 1 0 0 1 3 1
1 32 3109 258 7 1 -0.0644085 0.593585 0.00106325 0.00186051 10.3367 0.0989143 7.40067 -0.30485 -0.30485 4.38588 6 12 36.2843 -0.070327 0.584211 4 1 0 0 1 2 1
1 32 3109 668 40 1 -0.0281168 0.345327 0.000600995 0.00158859 0.000723291 0.0912104 0.815939 0.570817 0.570817 2.75055 6 12 34.6666 0.00817649 0.441278 4 1 0 0 1 1 1
1 32 3109 605 41 1 -0.0368833 1.01259 0.00165231 0.00202333 1.31786 0.0952711 5.24768 -2.49688 1.53182 -30 6 12 34.6543 0.367666 0.995766 4 1 0 0 1 2 1
1 32 3109 113 50 1 0.112797 1.00084 0.00118545 0.00136471 6.29272e-05 -0.0638453 3.36469 3.5057 3.8598 4.91034 6 12 35.0622 0.083832 1.01063 4 1 0 0 1 4 1
1 32 3109 663 60 0 -0.0600296 0.230726 0.00054279 0.00207767 0.635722 -0.0946933 8.52146 -2.3016 5.27528 -30 6 12 34.5118 0.0910844 0.200245 4 1 0 0 1 1 1
1 32 3109 31 82 0 -0.0339881 1.58096 0.00171314 0.00164659 0.000506854 -0.0874296 4.85411 -0.160527 3.21059 -30 6 12 30.9995 0.401599 1.55615 3 1 0 0 1 4 1
1 32 3109 1907 88 1 -0.0902388 1.89541 0.00212641 0.00174955 31.595 -0.084432 12.2709 0.520251 0.520251 0.871977 7 14 33.4103 -0.0444373 1.85542 3 3 0 0 1 2 21
1 32 3109 645 98 0 -0.0489781 0.822029 0.00173195 0.00211968 29.3186 -0.101248 8.98723 3.35622 3.35622 4.82657 6 12 30.5377 -0.0120379 0.910849 3 1 0 0 1 1 1
1 32 3109 226 117 1 -0.0771218 0.0920175 0.000336564 0.0019373 4.22749e-05 -0.0987387 0.9561 -4.54794 1.67965 -30 6 12 30.1955 -0.0314693 0.0977953 3 1 0 0 1 2 1
1 32 3109 588 126 1 -0.0818759 0.739629 0.00128682 0.00198846 0.00133844 -0.10017 1.93963 -3.8651 1.00382 3.88831 6 12 30.0562 -0.0610566 0.818276 3 1 0 0 1 1 1
1 32 3109 277 141 1 0.00525539 1.80729 0.00195646 0.00160453 0.00265697 -0.0708671 4.53954 -2.35319 2.49828 2.44898 6 12 29.9035 0.376832 1.76069 3 5 0 0 0 1 5
1 32 3109 313 161 1 0.027904 0.407736 0.000663772 0.00149769 1.09595 -0.0769913 4.89548 -3.79288 -0.563274 5.55946 6 12 29.6334 0.263935 0.544509 3 1 0 0 1 1 1
1 32 3109 31 187 0 -0.0339881 1.58096 0.00171314 0.00164659 0.000506854 -0.0874296 4.85411 0.494506 3.21059 -30 6 12 29.1167 -0.0448796 1.56527 3 1 0 0 1 4 1
1 32 3109 258 205 1 -0.0644085 0.593585 0.00106325 0.00186051 10.3367 0.0989143 7.40067 -0.550531 -0.30485 4.38588 6 12 28.8134 -0.0126346 0.578819 3 1 0 0 1 2 1
1 32 3109 365 207 0 -0.0407749 0.634839 0.00108315 0.00181226 12.7261 0.0898999 7.52244 3.28076 3.28076 3.96958 6 12 28.7988 -0.0029347 0.665711 3 1 0 0 1 1 1
1 32 3109 1619 228 1 0.0355629 2.258 0.00247495 0.00141713 0.00190825 -0.042949 12.7743 -2.51679 0.389004 3.79368 6 12 29.0253 0.0888805 2.2922 3 28 0 0 0 1 31
1 32 3109 1634 228 2 -0.0692554 2.18613 0.00293307 0.00195852 0.00571913 -0.0780623 4.32338 -6.50498 -1.64943 -0.129309 6 12 29.0253 0.0888805 2.2922 3 3 0 0 1 1 31
1 32 3109 700 245 1 -0.0933626 0.824554 0.00152352 0.00213182 0.00204609 0.105808 0.521203 -3.42758 -0.713924 1.87474 5 10 27.3887 -0.0365455 0.86676 3 1 0 0 1 1 1
1 32 3109 113 259 1 0.112797 1.00084 0.00118545 0.00136471 6.29272e-05 -0.0638453 3.36469 3.8598 3.8598 4.91034 5 10 27.1846 -0.00399696 1.02307 3 1 0 0 1 4 1
1 32 3109 2208 271 1 -0.0698352 2.06161 0.00240102 0.00162397 0.00140283 0.0797815 10.1592 -0.0225481 0.605652 3.36898 6 12 34.4517 0.311677 2.01755 4 2 0 0 0 2 10
1 32 3109 4519 271 1 0.23796 2.05275 0.00162216 0.000911707 7.55899e-06 -0.0439452 24.4 -1.35398 -0.36286 3.17064 6 12 34.4517 0.311677 2.01755 4 4 0 0 0 2 10
1 32 3109 4535 271 1 -0.0732757 1.97141 0.00221722 0.00177107 0.190052 -0.100512 24.95 -1.54756 0.770769 4.43187 6 12 34.4517 0.311677 2.01755 4 4 0 0 0 2 10
1 32 3109 441 272 1 0.106517 1.10884 0.0013146 0.00145546 2.44453e-05 -0.0666058 0.353295 -1.30867 -0.121709 2.87749 5 10 26.9286 -0.0788777 1.09018 3 1 0 0 1 1 1
1 32 3109 923 273 1 0.274549 2.21978 0.00245863 0.000950505 0.000689065 -0.0300592 11.5056 -0.608537 1.8296 5.67488 5 10 26.9263 -0.0315003 2.28501 3 5 0 0 0 1 23
1 32 3109 5742 273 1 -0.0825213 2.3854 0.00305357 0.00178068 11.4704 0.0853316 32.645 -2.21319 -0.70826 -0.00529456 5 10 26.9263 -0.0315003 2.28501 3 14 0 0 0 1 23
1 32 3109 337 298 1 -0.0837194 1.51756 0.0018058 0.00179624 0.00188405 0.10604 6.0368 0.904878 0.904878 0.716188 5 10 26.5261 0.122989 1.51024 3 3 0 0 1 2 3
1 32 3109 2017 313 1 -0.0945089 2.46679 0.00544991 0.00194872 0.000144563 -0.0561163 13.8399 -0.181897 -0.181897 -0.750238 5 10 26.2251 0.190035 2.36998 3 2 0 0 0 1 49
1 32 3109 2083 313 1 -0.0921021 2.3608 0.0048429 0.00203624 0.000849069 0.0641998 11.6508 -1.01685 1.99082 1.95486 5 10 26.2251 0.190035 2.36998 3 19 0 0 0 1 49
1 32 3109 2378 314 2 -0.0930968 1.81675 0.00208343 0.00178633 0.00819658 0.111056 3.27959 -0.0647129 1.02951 1.93491 5 10 26.207 -0.0581885 1.88373 3 4 0 0 1 1 4
1 32 3109 697 328 1 0.0301829 1.40941 0.00146723 0.00142224 31.5625 0.0797771 9.97557 0.984613 1.11482 -30 5 10 25.7396 -0.00666509 1.41236 3 1 0 0 1 5 1
1 32 3109 382 332 1 -0.0958276 1.30325 0.00181304 0.00185656 0.00461417 -0.106338 4.23293 -0.0924489 -0.0924489 4.20753 5 10 25.8179 0.0942828 1.39417 3 1 0 0 1 1 1
1 32 3109 539 346 1 0.269795 1.74679 0.00152552 0.000712379 5.76294 0.0337804 9.02278 -0.440141 5.02511 5.36574 6 12 28.9236 -0.0216669 1.75281 3 6 0 0 0 1 6
1 32 3109 620 349 0 0.665333 0.182017 0.00035069 0.000403189 0.000390448 -0.0181342 5.18081 3.62524 3.62524 -30 6 12 27.8383 0.629051 0.0654945 3 1 0 0 1 2 1
1 32 3109 2208 354 1 -0.0698352 2.06161 0.00240102 0.00162397 0.00140283 0.0797815 10.1592 0.605652 0.605652 3.36898 6 12 28.1707 0.138247 2.11007 3 2 0 0 0 2 8
1 32 3109 4519 354 1 0.23796 2.05275 0.00162216 0.000911707 7.55899e-06 -0.0439452 24.4 -2.055 -0.36286 3.17064 6 12 28.1707 0.138247 2.11007 3 4 0 0 0 2 8
1 32 3109 4535 354 1 -0.0732757 1.97141 0.00221722 0.00177107 0.190052 -0.100512 24.95 -3.90223 0.770769 4.43187 6 12 28.1707 0.138247 2.11007 3 4 0 0 0 2 8
1 32 3109 113 357 1 0.112797 1.00084 0.00118545 0.00136471 6.29272e-05 -0.0638453 3.36469 -0.399212 3.8598 4.91034 5 10 25.067 0.475832 0.99107 3 1 0 0 1 4 1
1 32 3109 2359 359 1 0.0486371 2.26522 0.0028818 0.00143757 4.248e-06 -0.0478575 11.0937 -1.61219 2.09321 1.8124 6 12 28.5285 -0.0691665 2.26442 3 42 0 0 0 1 56
1 32 3109 2394 359 0 -0.0949548 2.3147 0.00301518 0.00177628 0.00042325 0.0689637 7.3832 1.28074 1.28074 0.813853 6 12 28.5285 -0.0691665 2.26442 3 14 0 0 0 1 56
1 32 3109 1907 385 1 -0.0902388 1.89541 0.00212641 0.00174955 31.595 -0.084432 12.2709 -3.87782 0.520251 0.871977 6 12 28.4034 0.0966097 1.9926 3 3 0 0 1 2 5
1 32 3109 1935 385 1 -0.0829244 2.03449 0.00256956 0.0016772 45.1759 0.0716351 14.0192 1.01555 1.01555 2.51264 6 12 28.4034 0.0966097 1.9926 3 2 0 0 0 1 5
1 32 3109 87 395 1 -0.0834904 0.883377 0.00156075 0.00204743 0.00201491 0.100735 2.16749 3.29779 3.29779 3.28331 6 12 29.8923 -0.0536645 0.946967 3 1 0 0 1 1 1
1 32 3109 2098 416 0 0.404764 2.15837 0.00199892 0.000661571 0.000246972 -0.0235027 8.05666 3.70451 3.70451 5.1176 5 10 22.3117 0.431267 2.12414 2 9 0 0 0 1 9
1 32 3109 715 426 0 0.548214 0.660712 0.000482767 0.000481372 0.000421975 -0.0233298 0.701986 -2.24794 2.71308 -30 5 10 22.1605 0.0997792 0.615204 2 1 0 0 1 3 1
1 32 3109 715 453 0 0.548214 0.660712 0.000482767 0.000481372 0.000421975 -0.0233298 0.701986 -0.516186 2.71308 -30 5 10 21.8501 -0.056776 0.534147 2 1 0 0 1 3 1
1 32 3109 2328 456 1 -0.0973705 2.02612 0.00226475 0.00159936 31.7402 0.0751092 15.1866 0.314611 0.577125 5.71668 5 10 21.8263 -0.0137122 2.00573 2 1 0 0 1 2 1
1 32 3109 4711 457 1 0.0627178 2.42847 0.00387983 0.00186097 9.13295 0.0458717 26.2 -0.599325 -0.297339 -1.56141 5 10 21.7947 0.167951 2.36746 2 28 0 0 0 1 187
1 32 3109 4722 457 1 0.32184 2.38104 0.0032147 0.000748111 89.1781 0.0220093 25.65 -0.68308 0.600687 2.03574 5 10 21.7947 0.167951 2.36746 2 93 0 0 0 1 187
1 32 3109 4802 457 1 -0.0882725 2.35356 0.00379446 0.00216062 65.6097 0.068522 25.65 1.97878 1.97878 1.24097 5 10 21.7947 0.167951 2.36746 2 13 0 0 0 1 187
1 32 3109 7511 457 1 -0.0603154 2.28939 0.00287426 0.00182584 214.79 -0.0801579 31.945 -1.04006 2.98631 1.62072 5 10 21.7947 0.167951 2.36746 2 29 0 0 0 1 187
1 32 3109 7589 457 1 -0.0887805 2.40507 0.0030503 0.00161224 98.1469 0.0815258 32.645 -2.3696 -1.66505 -0.490143 5 10 21.7947 0.167951 2.36746 2 15 0 0 0 1 187
1 32 3109 549 491 1 0.218196 0.375275 0.000438254 0.000932169 0.315814 -0.0496987 3.28863 0.546836 0.546836 2.86536 6 12 26.9628 -0.0808841 0.365532 3 1 0 0 1 3 1
1 32 3109 517 495 1 -0.0949464 1.63554 0.00201952 0.00178578 2.48637 -0.0895172 7.80072 -0.189789 -0.189789 2.22486 5 10 21.3479 0.0296696 1.50627 2 1 0 0 1 2 1
1 32 3109 4403 528 1 0.0834182 2.2889 0.00316618 0.00149839 129.451 -0.046275 25.65 1.68081 2.46125 2.63771 6 12 28.9353 0.0103488 2.30162 3 8 0 0 0 1 22
1 32 3109 626 559 0 0.259155 2.01511 0.00300529 0.000983675 0.000714657 -0.0324994 8.0859 3.5914 3.5914 4.49955 5 10 20.8451 0.279379 1.97557 2 10 0 0 0 1 6
1 32 3109 10 562 1 -0.0223512 1.6325 0.00200126 0.00168416 1.34817 0.0772706 7.47102 0.847445 0.847445 1.75542 5 10 20.5894 -0.00585118 1.64809 2 2 0 0 0 1 3
1 32 3109 756 562 1 0.0807888 1.69761 0.00137345 0.00111071 8.36978e-06 0.0630305 3.39163 1.55651 1.55651 5.82236 5 10 20.5894 -0.00585118 1.64809 2 1 0 0 1 2 3
1 32 3109 31 581 0 -0.0339881 1.58096 0.00171314 0.00164659 0.000506854 -0.0874296 4.85411 3.21059 3.21059 -30 5 10 25.0877 -0.0224646 1.5886 3 1 0 0 1 4 2
1 32 3109 1771 581 1 -0.00393233 1.70035 0.00184724 0.00162004 104.756 -0.0761046 13.1447 0.245898 0.245898 5.09964 5 10 25.0877 -0.0224646 1.5886 3 1 0 0 1 1 2
1 32 3109 756 584 1 0.0807888 1.69761 0.00137345 0.00111071 8.36978e-06 0.0630305 3.39163 0.00286832 1.55651 5.82236 5 10 25.1802 0.028233 1.77051 3 1 0 0 1 2 1
1 32 3109 549 610 1 0.218196 0.375275 0.000438254 0.000932169 0.315814 -0.0496987 3.28863 -0.230582 0.546836 2.86536 5 10 21.6869 0.471112 0.309971 2 1 0 0 1 3 1
1 32 3109 4257 620 0 1.92603 2.06629 0.0387043 0.00033456 0.000363577 -0.00202972 24.4 -2.33749 2.02926 4.44981 5 10 21.1475 0.0119151 2.03614 2 6 0 2 0 3 8
1 32 3109 2460 621 0 0.185884 1.85788 0.0014321 0.00106241 9.01262e-08 0.0521763 7.63211 -0.210674 2.3669 1.7775 5 10 20.898 0.101934 1.79973 2 18 0 0 0 2 18
1 32 3109 315 656 1 0.0893764 1.64844 0.00145759 0.00125995 2.83214e-05 0.065579 4.07548 -1.32746 1.51725 5.55661 5 10 20.337 0.642394 1.56649 2 2 0 0 0 1 5
1 32 3109 337 656 1 -0.0837194 1.51756 0.0018058 0.00179624 0.00188405 0.10604 6.0368 -2.35164 0.904878 0.716188 5 10 20.337 0.642394 1.56649 2 3 0 0 1 2 5
1 32 3109 1423 659 1 -0.0712964 1.90597 0.00220629 0.001722 45.4807 0.0801637 12.8737 -1.1554 1.48102 4.08584 5 10 21.2259 0.00954818 1.9207 2 9 0 0 0 2 9
1 32 3109 620 679 0 0.665333 0.182017 0.00035069 0.000403189 0.000390448 -0.0181342 5.18081 -0.263788 3.62524 -30 6 12 23.6654 0.263437 0.0906238 3 1 0 0 1 2 1
1 32 3109 44 682 1 0.199621 1.74375 0.00162725 0.000996846 1.05533 -0.0416551 8.26475 -2.42332 0.980416 3.51336 5 10 20.0841 0.213554 1.75785 2 2 0 0 1 3 4
1 32 3109 4183 703 1 -0.0896817 1.8011 0.00202279 0.00175648 117.368 0.112827 24.4 0.8828 1.56158 4.29456 5 10 25.1408 -0.00698832 1.8311 3 12 0 0 0 2 12
1 32 3109 4257 717 0 1.92603 2.06629 0.0387043 0.00033456 0.000363577 -0.00202972 24.4 2.02926 2.02926 4.44981 6 12 29.0759 1.40673 2.0393 3 6 0 2 0 3 8
1 32 3109 113 723 1 0.112797 1.00084 0.00118545 0.00136471 6.29272e-05 -0.0638453 3.36469 -3.33235 3.8598 4.91034 5 10 19.8638 -0.0942682 1.11134 2 1 0 0 1 4 1
1 32 3109 319 742 1 -0.0896958 1.04455 0.00186699 0.00226144 0.00240639 0.100521 3.15755 0.150143 0.150143 3.33214 5 10 21.0819 -0.0337588 1.15371 2 1 0 0 1 1 1
1 32 3109 2440 743 2 -0.0840705 1.95321 0.00191394 0.00176523 0.00755336 -0.0772618 8.93498 -3.55514 -1.13041 2.61329 6 12 31.4452 0.862326 2.02848 4 1 0 0 1 3 59
1 32 3109 5134 743 1 0.323045 2.0358 0.0016774 0.000801972 5.10996e-05 -0.0378193 24.95 -1.66772 1.75853 4.57058 6 12 31.4452 0.862326 2.02848 4 6 0 0 0 5 59
1 32 3109 924 748 1 -0.0484314 2.16453 0.00255428 0.00173171 0.00313785 0.0690777 9.59241 2.23833 2.23833 0.817344 5 10 21.3495 -0.00815766 2.08807 2 3 0 0 1 1 6
1 32 3109 14 756 1 -0.0895187 1.07862 0.00156529 0.00183417 22.1544 0.11146 7.32785 -0.236956 0.0371529 5.91076 6 12 30.9747 -0.0488433 1.18489 4 1 0 0 1 1 1
1 32 3109 31 773 0 -0.0339881 1.58096 0.00171314 0.00164659 0.000506854 -0.0874296 4.85411 -2.81261 3.21059 -30 6 12 27.2953 -0.0340609 1.60463 3 1 0 0 1 4 3
1 32 3109 44 773 1 0.199621 1.74375 0.00162725 0.000996846 1.05533 -0.0416551 8.26475 -3.52783 0.980416 3.51336 6 12 27.2953 -0.0340609 1.60463 3 2 0 0 1 3 3
1 32 3109 517 782 1 -0.0949464 1.63554 0.00201952 0.00178578 2.48637 -0.0895172 7.80072 -2.38495 -0.189789 2.22486 5 10 20.1519 0.350007 1.59231 2 1 0 0 1 2 1
1 32 3109 1423 793 1 -0.0712964 1.90597 0.00220629 0.001722 45.4807 0.0801637 12.8737 1.48102 1.48102 4.08584 5 10 23.9159 0.651058 1.97076 3 9 0 0 0 2 9
1 32 3109 5134 809 1 0.323045 2.0358 0.0016774 0.000801972 5.10996e-05 -0.0378193 24.95 -0.243966 1.75853 4.57058 6 12 33.137 -0.0894454 2.1228 4 6 0 0 0 5 62
1 32 3109 752 821 1 0.402603 1.39417 0.000935159 0.000594669 145.129 0.0278959 13.1023 -1.47101 -0.817139 3.98495 5 10 24.0701 0.16141 1.3941 3 2 0 0 1 2 2
1 32 3109 325 827 1 0.0992393 0.326999 0.000497258 0.00128496 0.000265437 0.065137 0.43005 -1.22205 0.850561 2.13968 6 12 32.826 -0.0600326 0.363147 4 1 0 0 1 1 1
1 32 3109 697 831 1 0.0301829 1.40941 0.00146723 0.00142224 31.5625 0.0797771 9.97557 -0.368988 1.11482 -30 5 10 20.1644 0.0292936 1.43875 2 1 0 0 1 5 1
1 32 3109 122 832 0 -0.0343925 1.7644 0.00243077 0.00197839 0.00366237 -0.0763485 7.7518 -2.8708 0.626205 3.41632 6 12 28.1221 0.469333 1.724 3 5 0 0 0 2 5
1 32 3109 467 840 1 -0.0912948 1.66192 0.00196639 0.00177971 0.000101863 0.0824118 1.76985 -3.08638 -1.0175 3.8767 6 12 26.9569 0.0532745 1.72387 3 2 0 0 1 1 2
1 32 3109 2440 841 2 -0.0840705 1.95321 0.00191394 0.00176523 0.00755336 -0.0772618 8.93498 -1.36995 -1.13041 2.61329 5 10 24.7557 1.02622 2.00131 3 1 0 0 1 3 63
1 32 3109 5134 841 1 0.323045 2.0358 0.0016774 0.000801972 5.10996e-05 -0.0378193 24.95 -1.05863 1.75853 4.57058 5 10 24.7557 1.02622 2.00131 3 6 0 0 0 5 63
1 32 3109 161 843 0 -0.0318762 0.270947 0.000518748 0.00167982 1.28709 0.0915249 8.94499 -5.10953 5.68198 5.7433 6 12 24.2012 0.315807 0.244718 3 1 0 0 1 2 1
1 32 3109 357 846 1 -0.0464321 1.83018 0.00254591 0.00172738 5.17488e-05 -0.0695504 8.5038 0.169196 0.169196 4.80245 5 10 20.0604 -0.0520845 1.74261 2 6 0 0 0 1 7
1 32 3109 1802 848 1 -0.0899238 2.01617 0.00220586 0.0019053 0.00168064 0.0908046 4.06241 2.69815 2.69815 3.1471 5 10 25.0525 -0.041824 2.01137 3 6 0 0 0 1 11
1 32 3109 4027 848 1 0.280529 1.99748 0.00164408 0.000842938 3.32035e-06 -0.0452324 24.4 -2.6495 0.145378 4.21931 5 10 25.0525 -0.041824 2.01137 3 5 0 0 0 1 11
1 32 3109 2328 866 1 -0.0973705 2.02612 0.00226475 0.00159936 31.7402 0.0751092 15.1866 0.577125 0.577125 5.71668 5 10 24.4226 -0.119294 2.02698 3 1 0 0 1 2 1
1 32 3109 549 872 1 0.218196 0.375275 0.000438254 0.000932169 0.315814 -0.0496987 3.28863 -0.319155 0.546836 2.86536 5 10 18.3904 0.21762 0.290186 2 1 0 0 1 3 1
1 32 3109 91 876 1 -0.0759034 1.1129 0.0019812 0.00228839 0.00014437 0.0983498 3.06381 -1.19433 -0.203984 5.84975 6 12 28.2259 0.0582763 1.12987 3 1 0 0 1 1 1
1 32 3109 4183 877 1 -0.0896817 1.8011 0.00202279 0.00175648 117.368 0.112827 24.4 -2.93006 1.56158 4.29456 6 12 26.6939 0.463575 1.72727 3 12 0 0 0 2 12
1 32 3109 404 892 1 -0.0796116 1.3395 0.00169028 0.00171726 0.00428063 -0.10227 3.29085 -1.23519 -0.148001 4.81038 5 10 21.0156 0.634782 1.39114 3 2 0 0 1 2 2
1 32 3109 5134 896 1 0.323045 2.0358 0.0016774 0.000801972 5.10996e-05 -0.0378193 24.95 -1.20098 1.75853 4.57058 5 10 23.3138 0.128227 2.03402 3 6 0 0 0 5 62
1 32 3109 752 913 1 0.402603 1.39417 0.000935159 0.000594669 145.129 0.0278959 13.1023 -1.88973 -0.817139 3.98495 5 10 23.035 0.179872 1.2988 3 2 0 0 1 2 2
1 32 3109 453 916 0 0.000155133 1.47805 0.0019685 0.00170338 4.62094e-06 -0.0712511 5.10974 1.94277 1.94277 4.03358 5 10 19.041 0.00497633 1.40895 2 2 0 0 1 1 2
1 32 3109 122 938 0 -0.0343925 1.7644 0.00243077 0.00197839 0.00366237 -0.0763485 7.7518 0.626205 0.626205 3.41632 5 10 19.5042 0.109097 1.77951 2 5 0 0 0 2 5
1 32 3109 2460 944 0 0.185884 1.85788 0.0014321 0.00106241 9.01262e-08 0.0521763 7.63211 2.3669 2.3669 1.7775 7 14 33.1677 0.159669 1.86385 4 18 0 0 0 2 18
1 32 3109 551 947 1 0.165875 0.931767 0.000991222 0.0011847 0.000764197 -0.0560378 2.82267 -0.346887 -0.346887 1.28223 5 10 17.1559 0.097214 0.991248 2 1 0 0 1 1 1
1 32 3109 476 948 1 -0.0149149 0.795882 0.00121131 0.00168618 4.14487e-06 0.0886507 1.21627 -1.53546 0.376829 1.94947 5 10 18.2326 0.42608 0.787982 2 1 0 0 1 1 1
1 32 3109 161 949 0 -0.0318762 0.270947 0.000518748 0.00167982 1.28709 0.0915249 8.94499 -1.83343 5.68198 5.7433 5 10 18.9654 0.0223328 0.20595 2 1 0 0 1 2 1
1 32 3109 3054 956 1 0.18234 1.96409 0.00164342 0.000962548 7.71408 0.0543808 24.95 2.39056 2.39056 4.13707 5 10 20.9604 0.26149 1.96475 3 24 0 0 0 1 24
1 32 3109 404 958 1 -0.0796116 1.3395 0.00169028 0.00171726 0.00428063 -0.10227 3.29085 -0.148001 -0.148001 4.81038 6 12 26.2651 0.0420237 1.29094 3 2 0 0 1 2 2
1 32 3109 4257 963 0 1.92603 2.06629 0.0387043 0.00033456 0.000363577 -0.00202972 24.4 -0.71673 2.02926 4.44981 5 10 22.4892 0.631709 2.10193 3 6 0 2 0 3 8
1 32 3109 44 968 1 0.199621 1.74375 0.00162725 0.000996846 1.05533 -0.0416551 8.26475 0.980416 0.980416 3.51336 6 12 25.8444 0.0326627 1.82104 3 2 0 0 1 3 4
1 32 3109 2440 980 2 -0.0840705 1.95321 0.00191394 0.00176523 0.00755336 -0.0772618 8.93498 -2.29916 -1.13041 2.61329 5 10 22.2948 0.834959 2.02636 3 1 0 0 1 3 63
1 32 3109 5134 980 1 0.323045 2.0358 0.0016774 0.000801972 5.10996e-05 -0.0378193 24.95 -1.18622 1.75853 4.57058 5 10 22.2948 0.834959 2.02636 3 6 0 0 0 5 63
1 32 3109 70 989 1 0.0390955 1.96073 0.00228799 0.00153326 0.00210947 -0.0611178 2.31289 1.82717 1.82717 4.70646 5 10 24.4085 0.142954 1.93918 3 9 0 0 0 1 14
1 32 3109 226 999 1 -0.0771218 0.0920175 0.000336564 0.0019373 4.22749e-05 -0.0987387 0.9561 1.67965 1.67965 -30 6 12 25.9722 -0.029708 0.129867 3 1 0 0 1 2 1
1 32 3109 518 1000 1 0.266781 0.562105 0.000574218 0.00086985 0.642126 -0.0463891 3.1562 -1.66147 0.0523829 5.10979 5 10 22.0645 -0.0353678 0.657727 3 1 0 0 1 1 1
1 32 3109 697 1003 1 0.0301829 1.40941 0.00146723 0.00142224 31.5625 0.0797771 9.97557 -1.16757 1.11482 -30 5 10 20.0552 0.165589 1.39622 3 1 0 0 1 5 1
1 32 3109 491 1006 0 0.377984 0.285577 0.000339288 0.000692334 0.810038 0.0344459 6.88163 2.64272 2.64272 -30 5 10 21.6678 0.386459 0.392184 3 1 0 0 1 1 1
1 32 3109 715 1007 0 0.548214 0.660712 0.000482767 0.000481372 0.000421975 -0.0233298 0.701986 2.71308 2.71308 -30 5 10 20.9271 0.459569 0.636901 3 1 0 0 1 3 1
1 32 3109 697 1010 1 0.0301829 1.40941 0.00146723 0.00142224 31.5625 0.0797771 9.97557 -2.08716 1.11482 -30 5 10 19.1345 0.459488 1.35173 3 1 0 0 1 5 1
1 32 3109 978 1023 1 -0.0898416 2.07038 0.0021895 0.00177258 0.00405254 0.0788198 8.68188 -0.643449 0.633309 4.97228 5 10 16.1426 0.00425191 2.12942 2 6 0 0 0 1 3
1 32 3109 605 1025 1 -0.0368833 1.01259 0.00165231 0.00202333 1.31786 0.0952711 5.24768 1.53182 1.53182 -30 6 12 21.5402 -0.0336347 1.04264 3 1 0 0 1 2 1
1 32 3109 697 1032 1 0.0301829 1.40941 0.00146723 0.00142224 31.5625 0.0797771 9.97557 0.448229 1.11482 -30 5 10 16.1612 0.0188347 1.48377 2 1 0 0 1 5 1
